24 47
19 33
28 28
35 13
49 30
28 12
36 23
29 31
1 5
30 4
44 9
3 26
37 22
19 43
13 44
16 24
44 38
28 29
22 19
38 35
2 2
31 6
38 44
4 24
48 17
14 35
33 5
27 7
26 11
16 14
3 34
13 19
44 17
43 20
14 1
19 9
15 27
16 26
40 15
5 40
31 7
11 18
49 23
8 42
33 48
31 21
1 1
34 34
5 41
31 12
36 4
29 10
35 44
16 44
33 27
29 13
8 44
36 24
31 40
21 34
32 2
25 25
34 1
8 24
33 22
25 5
40 23
5 1
42 27
6 31
35 7
32 20
16 37
24 20
24 40
47 3
34 19
48 19
1 31
10 24
8 45
7 42
3 23
21 49
20 32
29 8
7 4
48 20
25 15
47 20
31 27
42 2
2 30
47 39
0 29
27 24
32 38
6 43
1 21
9 40
35 15
40 7
13 45
26 24
17 32
29 19
36 35
6 40
4 20
34 29
28 26
33 24
48 5
32 40
15 1
9 12
15 32
0 3
6 49
38 49
31 19
49 15
31 3
21 29
19 13
6 6
24 22
34 0
48 16
42 12
25 1
27 36
44 42
44 8
30 31
39 10
27 32
31 44
48 11
32 13
41 28
41 41
33 18
11 12
21 14
6 38
43 33
13 35
5 46
12 12
47 22
23 35
17 41
19 25
3 30
8 17
8 7
30 17
39 39
9 11
38 1
14 34
15 0
4 9
32 18
38 45
6 35
33 39
49 14
9 10
15 13
39 46
49 31
30 32
25 46
44 39
39 36
26 27
11 2
15 5
15 35
20 21
1 41
7 37
44 16
39 37
24 24
36 43
10 39
46 25
25 43
22 27
5 15
16 3
26 21
48 48
25 32
1 20
21 26
20 15
8 2
17 18
0 23
20 40
11 33
41 17
8 43
38 17
10 10
6 20
30 41
11 0
10 49
21 27
23 11
43 0
15 7
22 13
21 10
32 26
27 38
13 30
8 0
15 4
36 21
33 41
9 45
44 35
49 33
20 19
19 5
34 44
43 18
3 45
26 41
29 41
44 12
11 8
41 14
31 15
9 3
27 26
13 34
17 33
36 10
36 16
27 43
32 33
6 5
3 9
14 21
29 42
16 25
45 6
28 18
6 22
4 49
28 38
29 14
49 22
39 17
8 37
46 27
47 9
4 4
31 2
14 11
18 3
27 19
6 32
8 22
37 19
3 49
29 22
28 30
49 27
22 18
18 30
26 42
25 35
11 11
24 48
28 3
7 46
17 13
16 7
35 8
10 36
27 4
22 44
27 31
42 46
23 36
47 16
1 29
34 27
20 4
45 24
22 49
0 11
7 40
37 49
29 49
40 32
49 38
46 23
49 36
40 39
43 1
49 13
18 15
31 16
31 49
35 0
6 3
39 11
49 17
44 6
48 29
26 16
30 45
15 19
49 16
20 30
31 42
7 1
41 3
4 42
6 36
22 0
12 13
40 14
17 25
36 20
30 42
49 34
3 11
13 10
24 41
0 39
27 3
9 9
35 12
39 16
20 46
48 6
33 44
2 48
46 48
1 9
31 46
28 35
32 27
44 1
14 29
48 13
45 12
5 9
33 40
36 6
31 9
12 30
9 19
21 15
10 20
28 11
44 0
41 33
40 20
9 20
42 45
15 14
8 30
2 15
24 46
8 3
14 39
13 37
20 25
40 42
32 34
42 18
14 3
14 43
39 12
37 26
48 32
19 10
47 4
32 7
27 6
37 17
24 5
32 37
14 36
47 17
13 21
47 13
1 48
45 47
3 2
24 12
40 44
30 7
27 21
18 20
4 44
8 8
20 0
40 26
12 10
14 28
18 10
48 15
18 25
14 42
41 26
2 3
9 13
12 37
11 15
38 43
24 9
3 20
14 26
47 11
46 28
7 5
4 13
4 2
11 39
21 41
9 7
21 25
29 12
12 24
16 5
46 22
25 3
12 49
27 34
38 16
2 45
10 2
29 36
31 13
44 10
46 36
28 33
10 19
26 17
25 27
21 37
8 4
14 27
12 39
0 48
2 28
18 19
42 4
31 41
6 10
25 23
38 11
40 37
0 13
2 6
3 33
31 36
41 45
25 41
14 12
34 5
12 42
0 18
45 44
9 39
41 9
6 2
35 42
12 4
39 45
3 24
14 15
9 0
39 44
49 4
25 37
9 47
30 20
9 17
46 0
29 16
15 34
44 45
39 41
19 8
12 5
8 12
6 12
44 21
5 27
42 3
18 1
34 26
48 45
10 33
1 25
18 2
44 29
11 13
26 1
6 34
45 8
24 7
13 48
41 24
28 14
1 16
21 1
47 47
4 7
40 34
15 16
29 30
10 47
15 46
44 31
0 47
47 34
17 37
9 48
40 43
41 38
45 46
17 5
41 35
49 9
34 15
9 26
24 27
13 28
33 26
14 44
2 41
14 49
44 34
32 32
14 37
0 10
32 1
3 8
26 32
13 23
44 5
16 9
11 42
10 15
6 8
7 33
40 3
19 24
36 38
11 3
36 19
40 10
44 18
26 4
5 13
28 20
5 21
16 46
31 17
11 27
17 42
34 10
17 20
10 28
37 15
4 11
6 14
41 8
41 34
44 14
36 0
4 37
19 6
1 4
1 0
37 47
13 27
29 11
1 22
35 19
39 20
16 38
9 14
20 1
20 35
48 25
13 5
18 24
7 12
19 18
44 7
46 5
41 32
38 23
47 41
30 5
41 2
23 8
41 27
48 2
43 16
2 21
0 15
23 13
13 3
40 0
18 6
34 24
32 41
23 29
9 38
18 9
26 22
3 12
26 44
0 14
44 37
37 3
32 17
6 7
15 37
17 10
8 27
34 48
4 26
48 22
37 43
12 28
39 27
49 20
34 22
32 31
9 2
44 36
29 46
42 41
42 9
30 26
12 6
16 1
12 22
15 39
30 21
38 41
27 22
3 47
33 42
46 4
20 34
8 28
5 3
1 35
42 1
20 47
25 44
23 23
19 15
48 1
3 35
30 30
37 27
22 14
19 36
46 1
30 28
8 31
35 28
46 10
45 5
15 41
24 10
18 43
3 27
2 49
30 6
44 2
12 41
1 45
43 9
6 13
32 8
8 36
15 18
15 15
42 39
49 19
10 48
25 26
45 41
16 2
39 40
14 41
28 24
9 18
29 25
10 45
0 31
21 2
25 13
2 5
35 41
13 8
16 20
46 14
13 11
1 23
17 6
46 11
21 19
25 49
30 49
32 35
7 48
47 0
4 45
48 44
29 35
8 10
7 6
2 34
30 13
10 43
37 10
37 25
38 37
18 48
2 37
25 6
22 1
40 40
11 25
29 29
43 8
41 44
35 6
24 35
37 1
43 7
6 0
27 45
6 17
4 32
10 27
19 47
26 43
13 31
47 18
43 29
27 25
37 18
34 49
12 11
29 34
6 1
43 38
1 33
10 8
33 34
38 9
6 28
16 31
10 29
43 46
46 49
20 9
9 43
16 12
24 34
15 43
4 47
16 11
41 36
3 43
9 32
26 37
36 47
0 45
21 17
45 43
5 38
47 44
43 6
12 25
43 39
6 33
32 47
8 46
17 8
19 34
17 14
40 27
25 12
21 30
12 34
17 27
38 42
45 14
14 10
7 2
10 23
37 4
24 44
33 7
30 22
22 34
29 45
17 29
15 40
2 32
21 16
40 5
10 30
46 16
44 26
2 13
28 5
21 38
49 45
2 22
18 40
0 35
7 38
17 12
27 23
5 4
30 9
34 28
20 28
16 19
5 39
31 39
46 45
41 18
48 21
14 6
30 48
17 23
42 7
45 36
28 32
41 15
9 30
36 30
19 28
44 47
16 4
32 15
4 31
35 20
45 29
27 44
26 0
7 3
37 29
31 22
4 33
45 7
21 43
13 0
2 10
15 24
34 8
4 27
29 43
23 48
45 21
10 0
3 22
10 14
42 48
17 31
9 31
34 14
38 25
33 32
23 31
28 1
5 2
30 40
5 11
8 41
6 9
29 9
25 11
18 5
15 12
6 16
16 39
7 16
38 29
17 45
5 7
39 13
42 22
44 40
22 33
25 14
14 20
27 12
45 13
28 42
26 35
10 44
28 9
19 45
8 15
21 47
47 49
2 23
10 4
41 21
20 5
8 5
1 32
45 42
41 19
6 27
21 42
39 1
3 39
9 42
5 8
40 6
13 40
17 16
17 4
2 1
32 6
2 35
40 18
22 29
13 36
14 8
23 15
26 14
0 49
18 0
28 19
15 6
34 17
12 46
35 35
5 5
34 32
44 41
16 27
47 32
36 1
48 40
19 3
46 42
40 17
1 26
35 29
21 6
12 17
24 18
30 15
45 19
3 10
34 23
42 33
33 16
12 8
8 11
16 29
19 21
29 7
3 38
31 31
4 23
23 32
7 15
43 25
42 40
46 40
45 31
47 23
48 27
19 22
29 20
2 31
20 8
27 14
7 30
42 35
45 0
9 27
3 18
17 22
28 13
33 35
43 2
42 25
13 13
35 46
46 21
22 4
24 6
3 6
15 21
40 4
36 49
3 16
21 12
22 25
19 38
20 10
39 33
36 42
12 40
14 47
48 49
48 24
7 34
41 43
47 1
49 43
42 28
35 48
22 38
0 44
36 28
46 43
30 0
19 2
32 21
18 12
49 48
20 45
5 34
43 21
10 46
16 41
19 20
3 37
41 40
15 36
7 47
46 44
16 6
31 43
8 6
41 10
4 46
45 22
3 21
25 2
2 11
9 37
33 38
34 7
23 9
18 32
16 17
4 38
39 47
7 7
17 15
13 24
48 34
16 47
13 42
49 21
42 43
34 38
10 22
39 19
7 32
33 3
6 26
0 5
49 18
4 22
21 35
42 10
20 38
7 39
15 8
15 28
12 16
46 2
38 8
39 48
44 23
48 46
48 31
33 8
11 26
16 34
33 12
26 28
30 29
3 25
25 48
17 30
44 48
21 44
49 12
5 47
10 38
32 11
43 37
26 18
11 21
39 21
14 22
43 35
16 15
20 41
36 3
5 10
49 49
13 22
19 46
31 0
18 17
33 10
39 25
27 40
5 26
27 46
17 17
2 26
38 31
14 13
46 12
21 39
21 7
19 12
47 8
43 14
8 14
25 0
32 0
29 23
8 23
35 17
10 7
41 16
15 23
42 49
3 4
19 19
0 38
29 24
41 7
9 35
17 7
4 5
33 49
1 19
24 33
34 46
15 47
18 27
43 23
20 7
18 49
43 24
19 32
5 24
34 11
4 15
14 46
25 10
47 6
0 33
6 41
29 4
17 49
0 36
23 26
46 9
38 30
18 31
22 7
23 38
1 14
37 23
20 29
27 15
36 7
42 37
36 39
45 15
22 24
27 48
26 3
29 38
23 34
28 10
33 33
35 14
25 42
30 34
44 43
49 44
36 18
40 46
35 39
11 4
0 26
36 45
9 46
42 44
48 33
43 11
24 42
24 28
4 8
31 11
33 23
40 30
24 39
1 12
35 33
44 4
30 35
47 15
3 31
3 1
28 27
4 10
6 37
12 31
27 5
7 23
15 3
6 19
8 1
18 7
30 44
22 5
1 49
14 40
8 32
0 7
0 4
15 26
9 4
4 12
21 45
14 38
4 16
48 3
41 37
10 32
37 35
35 16
35 11
23 4
28 46
49 26
41 46
23 7
14 32
47 36
9 24
26 31
2 39
12 20
1 43
12 19
33 31
14 48
11 46
3 13
13 7
45 40
39 42
34 25
14 5
19 27
13 32
13 26
23 43
22 10
12 7
7 41
30 36
37 9
31 20
39 8
35 23
47 45
42 31
12 36
11 47
42 15
39 35
7 14
47 12
27 16
41 42
15 48
14 31
26 45
3 14
13 46
20 27
30 14
1 36
39 49
18 28
18 33
37 16
25 29
39 9
2 40
28 39
3 3
38 40
35 22
48 47
21 11
13 47
15 30
39 22
12 14
30 8
38 6
11 14
15 17
23 3
6 24
23 12
32 45
29 6
6 47
42 34
1 34
48 10
10 18
7 26
42 8
14 19
22 40
36 33
37 5
0 9
38 38
49 29
17 40
26 20
30 37
25 28
47 24
5 49
45 2
37 37
19 48
44 28
3 17
32 46
5 43
34 39
30 24
9 29
28 8
37 42
9 16
36 15
15 20
16 10
20 22
25 22
12 27
5 19
22 37
25 24
14 25
16 13
34 45
34 21
38 21
32 14
33 14
33 25
26 25
4 6
13 2
36 22
21 13
5 45
4 40
32 29
33 9
0 30
24 14
46 20
5 28
32 3
11 5
18 45
9 23
34 33
26 26
45 49
20 18
33 30
15 9
32 9
31 35
10 12
18 34
43 30
10 13
49 7
46 29
10 17
35 49
22 26
16 43
13 18
36 9
8 34
37 6
29 44
17 24
18 16
0 42
2 27
31 32
48 4
4 14
43 49
36 44
8 48
29 17
25 8
45 23
22 23
27 30
5 22
0 21
31 45
24 43
41 29
44 3
18 37
36 46
19 1
2 29
21 40
22 41
21 3
48 35
22 31
8 16
11 17
13 12
19 4
21 0
24 2
43 17
13 6
38 0
41 23
14 33
28 6
29 1
29 48
22 11
27 35
46 35
49 28
32 49
19 44
38 14
12 43
33 28
37 12
18 39
35 26
0 37
46 46
43 34
35 5
4 3
5 17
17 47
10 34
36 40
47 40
18 11
11 36
38 27
12 44
1 8
20 11
17 9
17 38
8 9
32 23
27 8
39 34
37 33
43 10
14 7
2 25
35 45
16 32
1 42
43 12
32 24
43 42
5 32
26 10
10 37
14 0
41 12
1 24
27 42
46 26
16 49
26 13
41 30
10 42
25 38
38 3
39 7
33 47
15 45
5 42
48 30
15 22
5 35
26 7
12 18
23 10
24 16
12 33
20 2
40 38
33 29
21 18
19 49
40 47
26 40
45 20
27 0
20 36
10 5
1 3
25 9
23 2
9 34
17 11
13 14
37 32
16 30
17 46
40 21
18 4
20 48
28 16
23 20
46 34
32 43
37 0
0 41
9 22
22 35
3 48
27 11
25 36
38 39
33 46
40 9
15 44
36 29
28 31
47 14
25 47
13 41
36 13
32 5
35 18
5 33
7 44
21 20
34 6
47 37
25 4
12 45
16 36
43 3
13 16
20 31
23 6
43 43
4 41
11 24
6 48
8 39
34 2
0 17
39 15
5 29
40 28
8 21
36 34
24 26
22 21
33 2
23 17
19 39
37 45
6 11
13 43
49 0
30 39
32 39
34 4
27 37
18 13
17 35
4 34
39 31
40 35
43 45
28 44
38 24
29 47
37 46
12 9
32 44
10 9
23 45
10 31
44 33
24 38
13 9
13 38
11 1
36 27
14 17
1 17
11 10
45 4
48 42
4 35
47 5
42 21
22 15
44 15
38 7
26 29
5 31
46 17
38 48
29 3
7 13
44 19
45 37
38 13
44 46
19 16
43 44
48 41
5 16
49 42
47 28
26 30
13 33
1 44
31 18
4 19
47 2
49 39
37 11
2 38
14 14
49 25
49 32
6 46
19 29
8 33
12 0
24 23
45 26
33 6
34 35
35 47
28 43
47 31
48 39
2 42
9 25
17 39
30 23
36 17
20 33
22 32
24 11
1 39
9 36
38 36
29 26
46 47
17 44
17 1
33 43
26 12
15 49
36 26
2 44
0 8
25 21
0 46
1 27
11 32
8 35
0 12
7 49
5 6
3 41
16 35
29 28
26 8
24 31
11 9
22 43
6 29
45 34
43 13
11 44
21 5
16 8
28 36
0 16
20 43
45 45
28 41
1 47
11 38
38 18
47 19
41 11
3 42
7 35
43 36
22 45
21 22
2 18
41 39
37 14
31 28
36 14
12 21
30 43
27 13
18 47
0 1
28 7
38 10
23 21
24 45
11 41
18 36
29 40
4 0
42 0
45 16
7 45
43 26
30 2
43 15
41 25
10 21
33 11
46 3
23 1
24 17
24 4
38 47
2 9
48 7
27 39
25 34
37 41
40 48
1 6
11 48
30 16
36 8
47 30
42 6
12 23
16 23
39 4
2 7
47 21
28 37
39 2
41 5
17 0
28 17
19 37
40 36
25 7
2 17
4 28
39 30
34 37
46 38
27 27
7 24
28 25
17 2
46 13
27 18
42 29
14 24
39 23
24 13
46 7
37 40
30 46
47 10
28 49
43 19
30 25
7 31
11 7
14 9
34 30
40 16
33 0
12 2
39 26
11 6
22 3
3 29
23 46
19 23
42 32
25 19
21 8
21 4
3 19
18 23
18 29
9 21
7 10
42 42
34 13
31 26
18 22
41 0
23 5
35 27
43 22
11 30
39 14
20 23
40 31
48 0
42 30
32 10
32 16
19 26
30 33
31 24
28 15
39 24
12 3
38 32
1 2
35 40
41 6
6 39
0 22
41 4
0 2
1 37
31 33
7 8
4 48
10 40
2 8
48 12
27 17
37 48
15 11
18 26
7 21
16 40
28 21
29 15
15 31
10 3
2 14
15 25
27 33
3 36
6 15
34 20
22 36
7 29
31 38
12 38
5 48
45 33
37 34
24 8
41 49
19 35
8 26
38 22
20 49
23 41
12 32
47 7
26 23
44 24
23 27
15 2
27 10
16 33
28 40
30 10
15 42
6 42
19 40
37 28
47 38
25 30
35 37
11 34
5 12
44 49
5 25
39 18
45 27
39 38
30 12
43 27
11 31
26 48
3 5
18 44
31 10
46 37
34 12
34 41
28 0
46 41
3 44
20 26
34 43
39 6
35 21
23 16
38 15
40 41
16 18
35 36
41 31
35 4
30 19
19 11
20 17
33 19
10 6
23 42
11 20
33 13
0 32
0 28
19 31
1 38
32 48
45 48
15 38
18 8
4 29
4 21
14 4
1 30
16 0
1 28
34 16
45 10
37 24
2 36
35 32
20 16
26 47
33 21
5 44
22 2
27 49
2 4
8 40
28 48
38 34
0 6
11 29
1 7
45 28
37 7
12 48
20 44
44 20
32 19
7 20
42 38
17 3
49 37
37 30
20 12
40 2
48 28
48 23
49 35
4 18
29 33
14 45
36 36
13 49
24 30
13 25
17 48
36 41
34 3
35 34
31 37
33 20
6 23
26 2
9 1
49 3
44 25
11 23
17 43
44 30
39 43
21 48
7 36
43 47
22 46
1 40
44 32
23 25
8 38
10 35
28 4
45 30
18 38
40 1
21 31
46 15
6 4
32 42
49 5
22 39
0 34
31 14
46 30
25 20
23 39
28 23
30 11
20 20
20 14
7 0
40 8
22 16
4 25
43 28
4 39
19 41
11 40
43 31
36 2
7 28
20 24
16 45
36 31
15 10
46 32
38 26
25 39
42 16
0 40
32 36
11 22
14 30
40 22
30 3
44 13
2 20
3 0
28 34
37 36
39 0
23 49
1 18
8 13
40 24
6 25
31 8
25 33
33 1
6 21
10 41
21 9
34 31
45 1
35 9
47 43
21 23
44 27
22 42
33 15
27 47
46 18
35 3
44 44
44 22
11 28
24 49
4 36
33 17
9 44
36 25
35 31
22 12
48 36
35 38
39 3
19 42
12 47
23 33
0 20
9 28
19 17
42 17
40 19
25 45
22 17
29 32
29 37
49 11
3 7
41 20
5 30
27 29
23 44
26 19
40 11
38 28
27 20
28 47
33 36
48 26
2 12
12 1
42 26
49 40
46 6
45 17
31 1
36 37
24 25
10 1
19 14
8 20
1 46
18 21
24 0
10 25
27 9
19 0
41 48
41 22
37 20
2 16
7 11
22 48
26 6
20 13
2 0
13 20
24 36
22 9
40 49
30 38
5 36
49 1
7 22
22 28
37 44
15 33
38 2
47 35
31 48
26 5
35 24
11 37
45 32
46 39
17 21
37 13
31 23
45 18
28 45
18 46
16 28
25 40
26 15
14 23
42 24
26 49
26 38
1 15
48 37
13 1
38 46
45 3
42 14
47 25
33 45
32 4
23 40
45 25
46 19
25 17
40 29
36 11
43 48
31 29
36 12
1 11
41 1
14 18
7 18
43 40
16 22
47 33
3 32
26 46
42 23
34 36
27 2
42 11
31 34
23 0
24 1
21 33
22 22
21 21
9 5
22 20
23 24
27 41
34 47
0 19
16 16
43 41
37 38
8 25
0 0
46 33
26 33
49 41
1 13
5 14
25 16
4 17
48 9
38 5
10 11
39 32
49 8
49 10
13 15
0 24
13 29
8 49
45 38
45 35
8 19
40 13
26 36
26 9
38 4
30 1
7 25
24 37
36 32
15 29
38 33
42 5
47 26
32 30
38 20
42 47
2 24
48 18
2 46
49 6
37 2
34 9
29 5
20 39
18 42
34 40
49 46
22 47
12 15
33 4
16 48
2 33
19 30
46 8
47 27
19 7
29 2
23 30
2 19
18 18
49 47
32 12
23 37
17 28
36 5
29 18
2 47
7 27
30 27
37 31
49 24
42 13
32 25
5 18
48 8
21 36
9 33
6 44
45 11
48 38
20 37
21 46
40 25
8 29
27 28
31 30
33 37
13 39
6 30
10 26
34 18
12 26
22 30
11 19
9 15
31 25
23 14
36 48
40 33
24 19
23 28
7 9
7 19
0 25
44 11
20 42
46 24
22 6
1 10
35 1
43 5
29 0
35 25
3 40
6 18
39 28
21 24
14 16
17 34
34 42
12 29
35 43
48 43
46 31
28 22
41 47
11 16
5 37
41 13
48 14
24 29
16 42
42 20
18 14
13 17
26 34
20 6
40 12
5 23
5 20
8 18
27 1
22 8
3 28
6 45
26 39
18 41
38 12
4 43
43 4
37 39
35 10
37 21
21 28
5 0
31 4
49 2
17 26
23 18
11 43
17 36
24 3
40 45
14 2
47 42
4 1
23 47
11 45
42 19
12 35
0 43
24 32
47 48
24 15
0 27
29 27
18 35
20 3
35 2
9 8
16 21
45 39
43 32
30 47
8 47
32 28
38 19
4 30
21 32
29 21
10 16
23 19
3 46
9 49
24 21
2 43
13 4
25 31
3 15
28 2
30 18
31 5
7 43
42 36
11 49
39 5
39 29
29 39
47 46
9 6
35 30
7 17
32 22
9 41
45 9
47 29
37 8
17 19
31 47
11 35
25 18
23 22
