7 50
32 85
49 32
10 97
89 45
42 67
72 38
21 57
52 23
1 66
71 92
68 14
31 32
7 59
65 71
29 95
18 43
45 70
82 23
20 5
17 83
87 83
71 68
62 78
77 65
41 56
1 47
44 74
28 95
16 12
75 11
9 32
14 30
62 91
97 20
9 64
89 68
46 34
12 83
59 66
0 51
45 85
59 4
31 33
39 68
80 94
31 86
87 11
55 81
56 9
27 63
69 82
97 41
44 72
40 18
28 1
78 83
83 37
57 92
93 93
96 81
40 44
46 5
31 38
17 47
28 6
43 17
70 97
69 59
44 63
29 88
97 2
0 29
98 65
90 35
94 11
84 86
23 71
9 37
56 32
2 93
83 47
80 55
22 97
50 21
97 13
94 39
33 51
37 16
56 79
88 40
7 81
61 72
93 25
25 67
39 88
83 33
29 58
53 73
48 97
83 45
44 5
14 79
53 60
97 79
41 5
14 11
75 36
35 6
86 0
81 61
7 56
28 52
84 35
98 9
66 13
44 98
22 54
78 10
76 18
6 90
46 30
81 83
60 13
25 2
56 64
49 71
48 92
57 53
34 74
5 80
33 41
24 86
78 27
35 41
29 59
90 89
71 10
59 41
51 72
44 20
76 61
84 29
48 99
97 10
86 9
56 95
28 12
3 20
18 4
18 39
47 9
52 88
11 15
65 42
78 8
75 30
38 59
56 57
43 49
68 48
96 69
84 52
55 96
51 37
44 59
24 23
68 53
80 17
57 58
26 73
4 27
9 58
62 66
54 88
5 31
12 19
66 79
78 50
8 4
44 45
8 10
50 22
17 87
22 82
73 62
70 86
68 52
67 43
6 36
90 13
32 79
95 95
78 77
90 78
15 44
35 48
99 10
71 73
50 42
27 34
92 0
99 65
51 12
92 85
68 97
91 25
37 23
33 50
33 43
34 61
73 99
46 10
59 5
45 30
75 78
49 81
0 66
22 38
20 14
71 52
32 68
96 98
58 20
95 78
61 80
29 72
61 11
24 1
66 68
2 78
52 94
17 35
80 79
96 74
77 30
88 46
71 15
26 66
3 90
38 82
73 30
98 22
19 41
19 97
23 78
70 17
66 26
55 31
91 87
76 7
36 39
1 81
13 60
75 46
53 52
27 36
89 57
16 51
76 30
75 35
18 67
62 1
34 26
37 44
61 27
2 87
57 94
73 64
91 52
62 19
98 40
84 0
91 94
76 46
1 12
35 92
57 22
77 3
77 11
12 93
29 52
98 29
57 93
83 65
1 99
78 60
50 8
5 78
41 2
1 13
38 36
48 18
52 77
83 68
17 13
86 58
42 93
18 33
26 13
24 62
89 69
67 40
96 47
36 14
6 18
69 28
48 49
41 4
91 33
14 32
62 22
25 46
4 79
9 63
69 99
12 56
15 48
8 48
2 57
83 34
97 42
13 84
99 68
72 19
73 60
77 44
24 40
68 21
82 93
73 41
35 32
68 20
94 62
79 7
73 17
10 29
4 62
23 36
88 29
68 75
75 69
67 2
21 94
0 5
45 81
28 51
27 53
30 85
1 60
65 90
71 70
35 53
60 35
54 17
71 88
58 6
42 69
15 5
6 9
62 58
28 9
63 35
77 13
92 27
9 53
0 15
59 96
56 94
69 94
55 94
62 60
80 63
59 57
9 39
11 60
16 80
46 7
23 81
12 51
48 45
28 36
20 24
54 35
3 13
10 74
18 24
44 94
38 98
27 39
57 45
65 27
84 60
60 81
27 75
50 47
36 23
87 98
1 2
12 89
13 19
12 32
71 49
68 84
35 15
68 89
88 33
65 94
73 89
84 48
99 89
27 55
48 64
29 50
61 88
12 40
4 26
49 50
45 3
80 30
37 29
14 29
76 26
35 40
94 48
72 17
35 61
92 28
30 56
10 26
32 64
68 50
53 29
15 45
59 8
15 24
42 42
42 41
21 83
31 89
14 41
68 38
65 66
23 88
65 57
58 55
62 97
17 45
7 23
4 49
58 14
53 47
11 78
21 89
99 28
13 25
82 32
70 61
22 64
21 95
54 45
38 20
46 73
72 41
99 94
97 89
98 98
9 33
69 76
67 0
19 27
71 53
11 46
47 86
69 23
54 13
74 18
79 34
55 79
66 1
23 77
10 7
50 91
90 42
64 41
47 79
69 68
47 20
47 59
93 15
77 52
25 30
76 2
77 61
3 61
34 32
3 23
67 36
10 35
51 99
34 28
9 22
50 74
77 32
18 52
89 97
7 93
9 90
65 5
47 63
70 68
60 30
36 66
91 95
44 43
73 38
65 68
5 15
35 79
3 21
37 26
6 92
71 80
19 80
92 33
77 74
56 72
23 82
21 96
89 25
37 67
81 2
53 81
93 13
9 15
16 26
24 83
28 16
68 25
19 49
61 25
40 21
89 4
10 53
62 89
96 7
35 23
36 61
94 10
40 32
34 42
19 29
97 86
67 24
61 44
87 90
47 99
82 77
1 41
35 21
94 13
71 3
51 50
34 47
93 42
59 73
7 46
24 49
27 24
18 8
71 20
57 25
49 43
21 77
19 98
64 53
73 95
23 90
45 67
28 26
34 45
53 39
38 2
95 98
48 96
62 23
59 77
77 99
61 35
35 89
91 55
10 30
31 60
57 65
29 33
68 45
27 59
10 80
97 8
91 86
86 48
16 73
43 1
6 84
94 88
15 4
76 47
25 97
7 54
19 4
1 50
7 18
20 68
99 98
28 91
64 79
22 6
65 75
73 88
48 4
12 69
36 56
99 18
11 21
25 50
93 24
89 49
40 42
81 94
5 17
5 36
63 30
90 84
48 51
81 71
58 58
20 29
32 90
34 8
85 5
65 91
49 96
61 55
68 88
92 68
13 96
84 67
91 97
24 90
61 66
67 65
12 49
2 14
58 96
91 43
90 46
46 12
61 51
41 31
2 5
70 91
29 1
73 50
18 31
26 6
63 98
68 18
69 67
56 91
37 89
50 9
41 49
13 2
9 80
56 77
41 93
20 1
48 63
97 21
96 62
78 17
59 95
28 58
68 35
61 84
24 13
78 26
0 52
66 64
99 58
29 42
55 54
63 48
69 22
81 23
44 92
0 83
44 64
55 73
96 89
25 58
89 64
57 90
37 75
85 35
66 54
39 77
99 3
50 90
74 74
86 76
65 54
76 81
87 62
33 76
57 49
89 20
62 28
92 65
21 76
25 4
26 7
4 1
27 57
91 16
23 29
68 36
68 16
83 89
10 3
75 44
96 39
31 41
18 16
0 87
72 39
68 28
44 51
19 14
81 3
55 87
27 92
74 14
1 45
42 30
60 22
45 71
72 14
53 1
85 10
69 43
84 68
82 82
80 36
18 62
63 93
57 67
1 20
85 90
38 80
73 98
12 71
83 57
71 74
54 92
85 49
31 56
47 70
89 42
55 32
69 46
39 46
94 6
60 26
79 38
12 22
4 54
47 69
38 90
66 87
25 63
2 35
94 46
38 37
12 48
92 38
21 87
32 45
10 77
19 36
80 39
19 69
2 46
68 32
93 89
99 90
73 40
98 64
56 54
79 81
26 95
36 10
99 36
29 5
14 19
64 69
56 63
12 53
17 78
33 61
95 19
77 91
1 25
9 94
90 77
52 60
18 72
38 85
68 5
35 62
0 95
14 6
72 94
61 38
45 2
53 33
16 46
69 45
31 10
61 67
24 55
84 33
2 51
22 28
66 66
92 30
37 54
73 77
21 98
89 37
95 73
48 61
93 4
49 34
37 12
13 93
25 13
58 92
80 71
28 57
51 17
87 33
41 73
27 90
10 68
33 97
14 77
53 45
22 77
23 46
96 80
94 95
54 0
88 28
31 93
53 42
40 33
52 43
50 38
89 35
98 62
89 31
45 60
89 58
95 63
83 62
78 59
39 21
98 39
53 58
39 25
97 47
48 71
55 2
88 48
43 26
13 59
30 0
68 74
7 31
63 42
86 47
37 31
37 71
95 79
9 66
43 22
49 18
92 64
72 96
34 77
54 5
50 40
2 92
4 43
57 69
48 2
88 8
39 9
4 51
3 28
20 40
93 46
37 85
84 94
63 61
75 86
84 97
43 44
31 44
18 68
24 89
6 46
22 4
19 84
18 29
79 47
69 2
82 48
67 17
68 44
83 51
46 77
80 75
29 97
95 65
76 54
96 22
44 87
46 17
49 46
18 19
19 52
77 31
82 3
34 99
79 0
73 3
86 6
64 18
62 64
22 37
57 39
18 98
12 64
59 23
95 39
83 69
66 86
88 60
72 61
21 52
28 62
58 26
56 28
61 12
45 31
1 22
31 46
91 63
23 84
58 69
15 72
77 63
40 24
27 56
24 82
63 34
31 1
64 25
59 89
35 31
26 86
46 48
80 1
84 27
2 60
72 77
54 72
54 26
81 78
9 70
5 2
54 59
80 40
57 84
22 78
8 53
79 79
68 11
51 22
44 35
45 93
95 99
35 28
99 79
44 9
48 30
38 24
86 25
18 75
68 83
29 82
0 18
97 69
68 81
84 38
32 35
7 57
27 99
91 65
63 8
87 7
46 31
3 86
52 4
47 48
6 56
12 9
3 14
13 72
49 28
7 1
23 39
82 85
1 56
3 78
22 31
14 84
6 93
51 19
24 25
78 69
55 45
98 89
14 63
57 16
87 39
77 62
65 31
1 6
92 89
76 73
85 16
32 97
31 47
69 61
74 99
16 79
27 2
32 87
32 83
56 58
36 64
20 78
41 24
7 15
88 93
95 36
66 0
84 22
91 31
67 88
35 95
37 68
91 59
62 13
21 90
85 93
92 32
85 47
21 7
9 56
78 96
37 59
92 70
97 6
45 43
13 32
59 46
35 90
6 98
47 4
84 82
78 33
83 38
3 93
78 1
6 23
43 31
58 19
90 94
34 18
31 22
15 81
57 44
76 29
31 75
25 10
76 39
46 42
67 45
66 88
12 17
62 74
53 31
26 94
87 68
22 62
50 87
17 12
46 64
64 11
54 96
38 47
84 75
11 70
86 91
32 53
86 57
16 22
68 31
80 43
51 67
23 85
1 92
57 18
39 39
28 41
56 46
89 19
38 17
95 45
45 11
80 83
24 9
74 89
35 93
57 73
27 41
84 80
41 77
41 8
6 14
18 86
80 65
0 70
45 83
3 11
81 31
50 45
4 33
97 29
50 6
32 30
14 13
27 32
77 76
1 79
99 16
47 36
13 21
20 43
28 84
90 67
70 96
6 79
32 70
35 9
87 48
76 66
86 2
56 66
70 63
87 30
93 91
62 16
70 70
66 94
43 15
22 55
48 42
92 74
37 38
60 74
63 58
66 5
63 90
42 90
48 66
95 84
80 76
20 28
68 86
37 58
75 88
97 90
83 59
55 51
64 22
50 0
14 17
1 30
78 66
81 5
17 33
89 28
86 93
89 12
51 6
57 12
14 10
74 69
66 3
26 88
55 6
97 45
43 71
87 56
87 2
95 88
35 17
23 65
64 26
35 68
77 34
30 65
0 13
59 92
33 72
10 31
20 36
23 54
34 13
5 8
31 67
61 60
14 9
97 74
16 11
32 6
12 50
60 91
74 94
5 43
79 43
67 53
27 50
40 70
8 97
60 38
97 65
17 25
29 36
64 51
46 46
37 32
28 97
75 47
45 5
14 39
3 7
74 3
43 24
10 36
44 3
96 42
63 75
72 25
83 7
13 34
23 50
92 66
48 5
75 89
57 37
76 6
1 40
43 98
96 0
36 49
0 7
93 90
16 16
64 77
14 40
84 23
24 63
64 71
77 18
39 34
94 12
78 12
21 60
71 91
16 0
0 62
34 35
52 34
86 96
52 37
8 92
21 8
36 8
91 8
13 81
74 54
80 82
29 54
18 25
96 43
19 65
88 86
53 67
9 77
6 32
25 62
61 94
24 68
4 35
29 24
34 24
75 4
1 53
15 98
49 13
13 83
82 64
76 37
11 91
55 67
76 44
85 63
37 83
22 30
77 97
49 65
93 39
80 59
94 37
56 88
4 44
47 46
60 55
97 77
85 81
10 61
23 63
64 57
78 0
9 50
15 15
15 49
23 7
41 43
12 75
3 77
70 75
88 97
64 58
14 44
53 99
95 3
16 29
20 0
58 80
52 25
97 70
78 32
34 71
84 56
29 37
76 64
53 93
63 12
36 69
2 43
25 32
52 7
5 54
15 69
88 92
87 82
86 33
8 3
95 51
37 94
86 51
59 67
91 20
77 96
22 63
63 55
20 22
15 58
11 3
88 58
76 41
33 30
66 40
8 19
56 39
24 76
75 34
33 99
26 23
25 27
90 24
28 59
72 36
48 91
12 7
30 4
1 51
30 69
35 94
63 47
83 29
79 75
4 98
97 84
66 58
74 65
71 5
93 28
26 41
5 3
18 60
35 46
87 20
66 35
12 33
46 15
30 43
56 11
46 44
29 70
3 94
35 74
67 32
87 4
49 79
53 96
2 82
18 74
18 69
64 17
38 1
31 9
16 1
16 48
16 76
43 8
82 19
72 59
9 76
68 55
42 49
51 49
11 66
51 77
71 58
8 70
90 49
58 54
88 38
57 26
24 81
64 93
82 83
17 49
16 58
19 9
62 42
49 66
4 25
60 43
37 51
99 91
50 15
75 60
8 17
10 73
24 80
4 19
54 8
93 71
45 40
55 7
33 12
79 26
70 71
20 87
67 33
50 10
61 8
33 3
99 73
6 17
41 40
75 71
80 18
79 98
87 94
58 39
73 81
22 3
56 25
0 63
21 69
64 43
12 29
55 24
75 31
23 43
52 22
43 69
84 34
87 44
83 71
7 82
67 64
39 13
23 25
7 2
22 71
84 96
68 49
45 10
23 69
1 39
99 24
61 43
32 40
10 20
71 60
78 3
7 19
2 61
33 82
57 47
84 72
72 80
43 4
78 67
25 94
36 38
58 78
32 72
27 26
64 74
89 50
43 23
96 68
56 13
85 23
9 60
59 80
99 69
24 71
51 44
40 47
55 91
61 69
97 24
0 24
55 77
44 73
1 90
27 82
65 44
98 78
72 92
63 79
48 9
25 9
0 58
59 62
66 4
22 20
17 29
51 54
16 39
45 14
49 22
25 73
10 33
90 15
94 5
14 14
51 32
42 1
36 79
59 93
43 27
0 32
8 84
6 69
30 13
37 69
90 71
9 20
41 12
57 10
24 26
5 16
34 9
29 51
22 18
48 28
13 17
17 80
96 70
25 14
27 52
2 68
3 26
3 42
0 99
7 97
99 47
96 6
43 43
42 18
66 18
14 80
68 66
41 95
12 42
93 35
90 29
64 6
78 25
24 2
46 92
9 46
27 17
49 98
60 10
65 64
84 87
99 5
14 69
15 37
98 15
24 96
89 22
74 52
57 87
89 11
29 39
89 32
65 70
64 81
47 5
52 92
29 9
96 95
14 65
50 7
43 6
12 65
18 17
25 75
89 67
48 93
33 37
39 55
42 76
80 49
56 36
87 18
96 87
36 82
81 45
56 56
51 71
96 14
47 52
81 17
34 22
1 96
88 26
96 86
28 48
90 0
62 15
69 35
3 56
71 43
15 60
36 84
48 79
45 15
8 37
6 75
93 1
13 10
35 60
37 4
99 41
6 0
2 91
2 37
4 42
88 55
27 6
8 1
98 20
28 43
52 6
19 18
36 90
79 44
33 21
14 24
26 98
4 41
12 8
90 87
39 8
85 4
19 55
35 19
9 89
55 39
8 51
55 13
94 18
49 9
58 43
21 71
64 16
0 97
12 20
7 12
48 10
19 99
20 49
99 32
19 67
16 91
51 0
15 63
9 10
26 70
17 24
58 97
79 91
59 33
93 8
84 92
45 75
37 20
45 48
30 68
78 91
92 79
43 53
75 65
2 4
88 73
76 32
27 98
77 8
20 80
82 5
62 80
10 47
28 35
56 17
75 66
81 88
39 7
31 94
55 41
28 64
32 50
19 71
69 48
64 98
16 4
69 24
48 22
90 19
32 28
90 45
79 14
92 53
16 74
8 56
60 45
40 53
69 18
48 88
46 67
36 35
91 9
35 2
16 44
79 53
71 9
71 23
1 1
3 18
5 25
76 28
99 76
18 88
0 69
68 62
44 38
14 99
31 19
79 10
25 22
86 45
25 89
4 82
82 90
31 20
78 55
71 39
2 97
5 67
69 25
49 8
83 40
94 58
24 98
89 86
38 13
93 66
2 64
36 87
18 30
30 24
4 77
36 21
61 30
42 50
55 65
77 56
46 32
33 20
90 34
8 13
49 16
12 61
80 47
45 4
61 77
69 44
72 56
75 3
63 31
60 25
49 75
48 38
43 96
33 75
67 99
52 31
53 54
41 37
44 12
47 54
5 95
1 36
12 16
56 3
65 15
41 0
31 21
70 64
20 7
48 68
0 16
88 66
81 50
95 16
96 57
18 64
82 65
39 50
80 23
47 68
60 66
13 66
67 74
52 69
81 73
53 23
85 60
21 37
1 24
33 88
90 32
19 92
71 79
79 66
53 53
39 66
82 59
95 70
70 12
49 85
28 98
88 43
86 50
82 6
67 13
11 79
30 74
24 7
57 75
4 80
68 6
33 59
4 13
96 32
71 33
93 19
0 82
27 27
66 56
92 95
15 41
4 48
61 71
92 5
58 2
76 78
6 38
58 51
56 26
47 78
20 15
91 69
98 44
43 20
90 90
73 52
34 92
57 21
22 69
73 55
37 95
23 30
26 10
50 67
38 14
88 37
53 90
23 13
27 77
51 30
65 77
30 80
93 9
44 47
65 86
35 26
11 29
23 41
64 9
28 21
22 0
21 23
43 3
57 17
80 0
63 36
65 97
67 57
31 27
29 87
7 43
61 22
35 33
69 33
87 60
60 84
81 7
25 55
16 96
97 94
80 27
25 74
67 49
38 89
43 33
73 6
23 11
28 45
2 40
45 29
97 43
5 62
68 9
32 89
74 84
96 84
42 95
77 17
0 12
26 68
42 32
39 90
83 61
94 80
84 74
65 85
9 87
19 68
29 98
42 52
69 78
36 20
6 21
18 20
33 38
50 89
6 45
11 84
41 46
33 4
21 24
55 43
68 10
19 46
55 59
97 44
79 95
89 36
88 72
52 93
81 36
86 27
96 96
89 23
79 84
92 80
12 62
87 78
39 60
72 48
26 31
91 36
58 62
33 14
6 85
73 51
42 92
65 38
8 76
97 40
80 57
39 76
34 86
13 26
70 92
35 25
45 99
3 79
72 93
53 13
64 7
78 57
42 58
57 30
32 94
3 25
73 94
73 25
35 34
92 69
0 3
27 40
31 70
89 73
10 21
3 59
3 60
35 11
7 47
48 23
11 16
26 99
93 88
30 87
47 30
33 27
32 77
52 95
45 55
13 89
52 20
45 92
94 49
15 82
85 70
47 95
53 76
55 16
92 62
31 80
74 20
2 38
93 41
98 5
41 9
47 73
46 88
79 74
39 57
33 23
43 75
22 12
28 20
81 39
50 70
92 34
85 2
94 41
49 21
75 94
82 37
74 50
83 97
8 75
19 89
69 70
85 88
5 19
31 64
98 16
39 18
85 86
23 75
93 80
91 39
1 28
82 60
90 25
69 93
44 57
71 85
43 56
25 87
96 15
27 3
65 96
51 70
99 54
61 53
59 88
49 14
54 10
86 77
80 41
49 5
73 21
54 49
3 48
13 45
70 16
62 8
54 18
93 79
44 82
29 23
62 76
56 33
81 28
62 53
31 52
8 94
15 12
99 93
13 23
65 20
33 44
99 77
59 78
72 21
1 87
31 6
61 42
8 71
47 40
42 71
95 33
61 36
24 11
91 10
48 60
54 25
61 23
87 0
48 75
41 59
65 80
50 81
46 2
86 10
20 27
18 28
63 51
88 99
64 34
97 1
30 99
77 79
45 89
9 36
84 85
94 54
13 52
9 17
47 58
2 25
45 79
93 74
51 31
83 36
99 12
10 62
86 56
31 45
25 66
83 10
56 70
62 50
84 84
39 30
77 21
16 17
59 6
48 87
42 99
45 42
75 92
99 2
1 63
72 50
65 47
29 68
8 91
20 20
27 13
86 3
90 80
0 77
98 2
64 47
69 60
11 47
1 17
38 48
0 43
83 13
10 93
35 24
64 27
47 74
72 52
55 82
97 72
56 85
44 42
23 97
93 5
74 62
71 31
59 72
49 27
0 25
7 67
17 71
87 70
21 70
96 40
17 3
67 92
74 95
24 39
0 6
77 78
64 42
14 94
17 27
41 71
62 96
62 0
11 92
94 43
56 0
58 81
67 95
63 0
81 82
78 14
73 56
53 44
94 81
33 81
62 98
20 31
93 51
30 14
37 80
16 13
72 70
67 14
74 47
93 82
88 83
10 27
59 28
67 83
2 9
10 48
58 85
20 50
92 4
37 30
6 48
35 82
97 38
39 91
36 54
55 61
48 43
81 41
9 27
90 51
78 86
71 48
33 74
33 42
91 93
3 46
96 72
41 70
20 16
47 0
60 20
97 49
3 37
58 49
77 38
11 13
17 18
90 56
81 24
21 17
75 50
48 37
82 94
55 36
36 62
27 20
32 84
26 28
10 25
54 64
16 66
92 59
92 77
7 32
94 24
55 86
89 43
50 61
5 85
10 64
52 24
36 40
61 14
3 75
6 50
22 51
26 63
47 18
58 95
46 93
41 76
30 71
96 77
76 3
27 28
49 17
77 60
23 66
41 33
40 7
59 79
0 75
41 89
4 81
51 45
50 56
89 71
85 85
23 92
8 43
48 17
35 98
18 96
30 82
65 4
7 7
79 13
85 34
4 73
13 80
94 60
89 30
90 33
44 34
72 83
36 58
86 75
41 26
85 29
91 75
13 69
20 96
60 5
28 81
32 5
75 56
42 87
49 89
10 50
30 28
66 78
19 77
66 28
98 60
94 33
48 3
8 45
22 60
71 41
12 70
23 35
32 59
93 99
7 62
64 50
31 81
95 31
45 64
16 81
27 72
86 4
38 52
96 67
7 21
36 18
94 77
50 13
96 59
12 77
36 29
30 78
34 25
90 7
58 41
72 71
90 23
38 12
76 17
95 14
64 23
24 8
31 34
74 7
99 7
38 72
72 74
71 14
76 16
86 73
46 39
50 86
49 53
9 67
64 62
70 0
34 31
37 77
8 77
90 47
52 96
20 8
51 88
69 39
66 96
0 81
86 59
82 70
96 37
95 21
14 51
80 66
15 35
91 12
77 33
52 39
15 22
8 24
75 87
17 62
25 49
13 64
66 77
77 16
24 66
48 58
24 21
62 95
85 26
3 95
68 71
56 97
29 75
71 66
63 69
71 37
43 5
51 94
76 76
52 32
55 30
49 0
21 93
40 26
24 33
57 0
67 80
82 89
63 80
63 10
50 98
23 3
2 76
95 85
16 7
17 91
96 48
91 2
42 16
11 10
73 46
72 22
75 25
12 52
97 75
2 26
14 43
34 29
43 82
54 95
92 86
7 11
10 12
96 11
66 21
6 55
11 83
65 78
59 1
80 22
33 24
48 19
66 19
58 60
80 31
39 85
3 91
77 43
73 10
76 42
66 30
49 31
13 39
34 15
85 43
78 63
22 90
17 52
70 99
80 16
94 4
64 48
30 1
42 38
35 78
12 1
36 94
32 2
89 3
39 59
11 8
81 52
69 34
95 67
56 86
38 95
46 11
40 63
46 90
20 86
85 8
15 47
96 3
52 51
0 88
36 98
62 20
15 54
89 96
16 37
85 42
70 45
96 35
55 29
55 60
75 90
49 41
25 35
95 12
80 9
97 15
30 49
27 79
59 98
47 97
98 14
93 72
29 71
45 84
5 81
79 76
41 97
76 11
94 25
25 31
77 29
85 82
74 80
45 96
74 90
41 57
12 44
77 19
64 67
57 32
27 54
48 78
69 17
48 89
58 32
86 43
25 15
72 15
33 64
96 31
80 73
43 45
81 58
9 69
32 78
24 31
73 85
43 93
24 70
33 16
11 76
66 72
69 80
35 1
32 93
95 83
96 66
16 69
60 16
61 95
17 8
7 44
40 72
93 22
87 37
88 3
20 10
65 10
3 24
77 81
70 9
10 83
45 91
54 51
20 13
71 63
58 13
10 16
39 16
89 76
40 28
76 20
5 94
30 19
53 2
95 56
22 43
60 17
24 34
26 62
64 87
40 62
17 10
87 85
1 43
23 4
21 14
83 76
11 25
17 55
65 21
41 36
7 30
74 93
53 49
87 40
67 72
89 95
15 65
84 6
86 49
41 41
82 95
1 15
95 9
85 99
95 48
15 77
32 73
0 41
85 54
19 62
8 89
79 25
24 53
99 96
61 29
97 61
18 12
79 63
43 35
21 4
98 33
48 33
67 82
72 72
43 51
74 66
54 47
61 75
88 44
72 10
1 64
81 4
21 47
41 38
5 48
11 93
68 99
29 32
86 44
49 84
6 99
31 74
45 97
47 15
94 15
95 17
89 70
24 22
49 73
11 17
53 12
45 35
66 34
7 28
87 65
70 55
33 18
13 68
11 99
38 78
37 56
82 17
46 49
95 35
10 43
26 75
91 66
19 56
50 4
15 74
30 52
64 89
54 48
4 88
26 5
69 49
50 11
27 29
76 1
96 41
32 74
35 97
18 22
31 13
39 3
19 23
86 92
25 17
92 29
30 64
49 62
97 36
11 48
4 8
13 13
87 61
89 66
10 99
88 17
47 76
36 17
33 63
30 51
80 80
68 95
96 45
63 81
25 18
95 22
69 77
59 7
38 43
88 14
33 95
30 8
65 92
14 96
52 74
17 66
94 29
16 75
33 67
55 34
94 69
28 3
26 91
61 89
61 10
95 68
21 54
95 86
39 28
63 29
85 31
13 36
31 14
65 55
83 81
82 42
94 2
23 15
54 16
35 45
68 94
67 87
52 38
8 30
69 90
57 82
51 86
63 97
69 65
7 10
60 12
99 86
35 20
35 96
69 69
68 26
48 70
47 6
32 8
81 69
33 94
74 86
11 77
55 38
92 96
7 22
71 18
85 76
0 14
70 21
76 15
35 69
8 65
61 41
99 78
74 37
60 98
8 22
63 19
46 50
90 52
54 65
90 37
13 98
20 4
10 51
14 1
55 48
73 29
92 21
7 13
3 4
41 63
43 72
32 88
43 85
72 78
14 97
24 35
82 33
95 42
14 8
94 90
38 28
74 39
39 22
19 70
26 32
8 7
45 73
76 82
95 76
58 77
43 36
48 81
51 14
86 38
0 46
6 37
54 20
33 17
96 71
73 13
94 17
81 10
8 27
56 20
98 35
8 44
39 74
93 20
94 52
28 88
38 41
96 1
54 78
64 78
26 47
79 61
86 63
95 54
38 22
36 36
37 47
13 41
69 7
28 90
30 36
65 81
57 7
51 55
82 45
77 77
3 35
34 75
33 71
98 21
62 2
3 41
37 70
69 20
43 95
79 3
13 20
71 87
3 50
93 16
90 11
88 18
42 79
5 97
65 41
71 45
79 58
82 62
63 57
6 10
8 60
93 58
37 73
8 41
26 58
48 41
88 49
0 36
98 46
73 2
66 91
21 41
47 45
34 66
55 95
94 51
16 32
85 18
7 66
6 88
71 54
26 22
92 1
3 12
45 94
13 56
57 64
43 48
80 62
82 31
52 89
81 26
11 85
31 4
13 62
40 79
60 18
50 14
48 52
1 88
16 68
96 55
46 1
75 16
58 88
11 86
86 31
47 37
80 50
50 65
1 76
19 57
25 24
50 53
68 43
52 46
9 0
43 60
77 68
40 77
98 93
94 47
79 31
71 4
60 93
81 42
72 35
10 91
84 26
82 0
90 28
75 99
21 27
46 56
15 52
63 62
33 6
11 94
91 60
37 96
28 18
57 78
22 67
1 0
88 9
97 55
39 12
5 1
24 45
64 28
9 26
52 71
1 74
86 90
43 12
30 3
30 15
37 0
74 85
75 61
64 38
18 65
29 93
29 31
65 30
56 35
21 66
17 69
83 3
29 62
60 15
77 90
90 63
60 82
9 97
12 94
10 71
59 16
57 72
59 43
98 75
49 49
24 75
66 62
26 52
25 78
75 51
56 16
45 18
81 37
67 27
4 11
51 96
23 18
33 5
98 18
17 98
2 89
7 52
51 40
86 16
9 95
9 8
65 98
32 26
83 99
40 27
11 51
51 58
59 53
49 92
88 89
71 71
50 97
11 34
76 35
27 23
97 58
15 95
79 60
5 32
43 38
94 72
24 88
60 9
14 61
21 13
89 87
66 92
83 11
88 94
16 93
74 91
83 66
23 91
89 80
82 79
29 89
56 38
98 47
63 64
37 9
5 13
44 96
0 61
59 42
37 14
87 88
72 76
70 58
53 24
50 83
79 59
85 97
47 66
53 48
96 12
90 16
44 77
43 91
6 25
99 11
83 44
39 14
74 75
83 91
33 7
66 48
39 72
71 84
97 60
13 14
48 1
20 66
25 29
79 24
93 69
15 84
88 23
3 88
5 30
81 84
41 62
69 58
65 9
23 64
28 42
3 72
34 34
56 99
39 93
98 24
84 39
21 58
23 72
6 43
25 28
24 91
97 33
30 58
12 11
63 76
64 0
19 90
35 84
27 37
5 93
24 50
0 67
82 29
88 47
65 72
68 8
90 17
80 95
82 4
94 89
78 94
28 73
59 19
5 28
56 7
67 23
17 58
67 30
20 95
62 52
48 13
66 29
66 82
58 91
25 60
25 8
85 21
3 30
10 52
35 77
66 38
76 91
90 68
25 95
47 75
94 50
59 12
12 18
17 89
74 40
25 34
86 68
11 4
29 81
35 67
89 93
70 4
71 55
11 41
55 42
37 17
87 66
49 69
75 67
69 91
85 33
71 19
3 38
46 84
21 9
60 78
26 33
21 26
97 99
60 21
54 33
93 61
47 60
84 36
79 36
73 58
16 19
76 88
19 37
37 92
96 25
90 64
51 28
91 7
9 84
38 0
37 63
21 62
56 98
11 69
18 47
51 74
24 28
36 31
65 43
37 39
49 93
15 31
94 34
3 65
10 75
20 81
41 30
17 39
14 2
60 73
59 52
47 1
78 46
91 15
50 94
19 6
59 61
12 34
22 35
56 74
83 82
7 87
33 52
29 15
37 48
93 85
33 58
42 34
45 13
65 24
68 24
83 27
1 68
21 65
78 97
20 63
89 72
39 6
63 70
54 70
94 97
96 54
39 81
0 79
89 33
94 73
2 1
2 81
85 9
89 92
40 74
49 60
58 8
45 54
36 25
27 80
62 9
48 12
99 46
98 30
36 75
37 25
88 70
9 92
97 18
59 39
22 72
69 64
29 43
82 43
58 11
83 28
18 92
24 42
80 60
1 52
26 78
12 4
16 90
87 12
66 14
8 29
93 76
13 58
5 45
5 9
46 91
88 16
30 27
25 48
12 2
7 16
84 93
76 4
79 73
95 72
2 24
40 4
40 96
65 50
87 15
96 38
0 94
20 39
33 86
6 3
48 20
63 9
0 92
77 69
13 44
35 44
84 8
49 37
93 43
83 31
81 66
1 67
55 0
20 73
83 4
34 21
82 92
48 94
64 35
75 97
0 49
96 90
94 42
13 67
6 96
66 74
56 22
34 41
82 12
27 70
38 81
8 14
68 39
25 59
28 24
25 71
32 54
10 32
9 40
90 36
80 85
78 76
4 9
53 61
34 43
30 11
27 46
16 5
51 42
95 75
58 83
4 7
15 64
56 30
17 16
27 49
26 24
21 31
6 41
94 67
78 43
95 82
6 73
33 35
8 49
92 31
20 46
10 19
77 58
39 23
36 50
41 16
38 70
37 36
92 73
17 84
42 77
32 86
64 54
31 76
51 60
17 82
73 54
31 24
61 82
39 4
54 99
89 59
97 35
64 29
52 78
44 70
36 27
92 63
68 69
53 80
34 30
6 62
83 2
85 40
30 42
5 52
81 48
69 97
16 57
36 88
89 78
71 6
48 44
2 7
1 29
18 95
2 80
8 78
7 70
42 62
28 7
79 17
87 72
88 4
99 72
60 95
84 73
75 98
70 22
54 53
86 22
46 94
47 92
89 27
19 3
37 18
1 48
80 54
43 25
95 49
33 19
53 63
19 16
66 11
95 91
61 64
9 99
40 52
35 88
10 95
73 16
15 90
41 96
75 79
47 27
14 89
80 8
19 47
2 21
45 82
96 17
98 54
56 1
52 1
73 8
71 99
96 19
35 49
10 38
93 29
44 21
77 55
94 16
8 6
44 8
32 31
42 14
24 12
26 74
39 58
48 86
5 35
12 31
95 61
88 87
10 67
9 11
86 72
70 60
74 4
93 48
97 88
74 32
53 68
11 22
87 13
33 10
72 18
96 63
71 98
0 11
68 77
69 62
87 96
59 34
8 5
5 88
12 92
65 87
65 8
94 79
43 68
2 42
27 38
49 63
14 46
75 23
16 35
46 53
46 51
57 99
92 3
6 89
60 90
14 42
56 37
65 93
61 32
67 7
53 26
42 72
60 23
98 97
60 31
78 4
66 50
36 37
81 47
58 17
37 13
25 61
57 59
39 62
59 71
92 93
5 12
56 69
74 51
40 2
52 68
1 78
31 25
7 9
96 99
39 89
25 85
76 75
64 46
6 22
50 28
79 80
82 97
35 63
44 62
78 52
69 16
69 50
67 6
3 27
63 91
4 45
15 7
36 5
20 88
45 49
12 24
40 99
42 65
99 62
41 35
8 20
91 13
21 68
64 21
42 53
58 47
19 74
65 16
19 38
20 26
61 9
23 56
98 87
8 38
36 12
80 21
37 24
42 23
65 7
22 48
79 90
24 87
52 86
58 70
16 72
26 27
46 36
62 25
57 91
4 75
27 94
27 66
4 23
29 77
25 96
32 38
64 52
68 78
25 5
29 56
17 60
92 92
40 49
43 19
0 72
39 67
89 53
46 96
32 96
51 93
99 88
17 68
43 14
47 62
4 39
66 12
77 27
25 33
22 19
35 71
21 33
17 99
36 53
70 57
44 31
23 57
63 1
84 32
67 55
82 69
81 74
6 26
92 97
52 53
85 52
45 52
6 86
92 35
46 66
70 38
38 74
23 48
48 6
92 49
57 61
74 63
53 59
76 48
88 76
53 57
47 77
5 61
12 54
90 53
73 18
28 28
31 37
12 95
13 22
86 86
58 44
64 55
80 64
95 60
47 96
87 26
51 69
23 80
78 49
15 46
14 75
53 14
98 27
15 92
18 94
57 57
89 41
61 62
70 93
74 34
80 86
98 66
0 27
93 26
15 73
95 69
82 9
89 14
75 72
6 54
64 60
16 67
34 1
76 84
60 65
17 94
8 68
12 0
67 1
63 77
49 39
99 17
5 60
8 11
4 57
46 61
35 3
61 15
9 68
42 56
19 58
32 25
71 25
33 83
6 59
71 21
19 76
59 20
76 69
52 12
21 51
62 86
10 58
62 18
11 61
93 53
38 73
30 35
60 34
89 82
40 17
4 67
55 10
40 41
17 28
57 95
20 9
15 59
8 15
49 35
79 4
24 0
48 24
8 80
27 65
25 54
75 22
24 18
81 98
37 76
61 49
62 85
18 41
36 47
34 96
62 51
67 48
55 35
35 39
28 80
78 39
79 67
48 80
31 15
80 46
30 17
6 47
22 88
50 41
48 31
16 23
96 76
63 43
41 68
99 63
54 61
74 26
54 1
72 5
19 51
67 70
41 85
70 39
63 15
63 96
39 41
55 55
17 20
35 81
43 29
98 69
35 7
6 4
20 56
66 33
84 40
55 52
10 81
18 91
53 50
66 39
43 88
10 10
4 95
58 37
25 72
88 31
54 23
82 41
58 61
83 70
96 8
63 22
65 52
12 68
68 27
21 34
16 98
25 3
93 63
76 21
80 33
33 66
52 79
46 27
75 1
31 35
45 1
99 80
27 18
27 71
55 21
51 16
42 35
8 47
92 25
84 70
81 57
10 41
75 18
38 4
57 5
53 6
93 65
61 59
74 60
16 78
91 77
79 62
45 87
70 18
47 47
95 81
66 61
81 15
91 49
87 52
70 5
64 91
86 15
6 78
49 52
99 50
95 71
72 0
93 21
45 63
62 87
6 72
72 11
43 74
60 48
68 37
59 9
14 31
33 87
51 61
30 30
93 14
85 32
59 27
26 20
5 34
45 44
71 57
9 83
76 25
40 89
26 65
43 40
24 73
12 43
19 44
9 85
35 80
73 68
35 83
38 58
7 24
25 23
64 88
29 4
60 56
21 99
69 55
19 20
47 89
99 92
32 14
44 88
52 80
73 0
60 89
7 27
93 49
60 86
51 91
48 15
84 66
48 27
98 19
80 42
11 64
25 21
32 56
94 87
4 74
93 36
13 43
44 78
61 40
97 93
61 33
80 6
84 41
35 42
89 16
61 85
50 46
8 2
31 26
3 97
70 62
32 0
76 55
53 87
68 98
81 49
67 63
20 82
53 74
14 88
28 38
73 93
23 52
46 79
46 28
91 32
93 27
28 50
64 13
88 35
76 14
19 30
7 96
79 88
64 15
0 86
79 18
4 52
35 59
45 77
14 26
82 14
2 52
57 85
38 65
13 63
78 31
70 3
29 27
8 73
99 42
11 57
13 85
39 83
6 30
11 50
80 20
88 45
55 27
6 52
64 63
22 46
68 12
19 25
34 55
95 47
81 95
48 67
8 25
95 15
89 99
53 34
38 3
54 12
60 44
59 60
50 51
20 47
94 40
87 47
97 54
66 70
79 2
76 85
99 85
6 91
43 46
71 13
85 25
0 30
54 36
58 89
45 0
58 76
54 44
28 47
47 82
31 85
50 23
85 59
10 6
12 28
42 91
93 84
71 28
78 19
69 96
35 12
36 63
42 39
31 8
31 0
67 78
19 12
65 1
81 13
88 52
56 23
8 67
67 86
18 54
16 34
17 9
52 16
78 38
38 50
87 67
83 63
69 95
39 17
8 74
3 89
23 44
48 39
38 87
5 38
82 99
39 96
12 76
70 26
88 68
82 30
75 21
57 96
77 39
54 71
57 9
61 57
43 90
3 40
72 26
52 82
76 58
85 45
63 25
74 25
16 56
86 1
76 43
97 32
83 1
30 63
50 63
8 96
54 9
7 0
70 87
96 20
53 38
24 93
2 29
4 10
2 54
95 20
49 55
7 40
55 17
10 66
39 84
34 84
39 19
23 21
30 88
42 94
0 39
77 92
36 44
20 6
13 33
22 24
88 75
99 30
26 25
81 87
81 64
97 95
71 90
28 8
64 82
49 86
8 61
37 61
17 0
87 1
9 3
12 63
4 76
23 26
50 20
49 90
19 96
73 59
70 48
93 59
17 57
10 23
43 62
86 42
61 92
6 53
15 78
6 34
80 56
77 26
28 19
67 94
52 87
50 16
9 16
27 45
35 8
82 57
52 81
14 38
37 46
39 56
21 64
86 32
82 38
71 89
91 46
93 18
33 34
26 81
29 38
78 29
91 19
75 8
46 65
44 17
13 79
89 89
40 50
54 15
15 36
26 3
68 59
83 22
32 7
84 50
40 93
92 50
49 24
3 22
80 48
53 28
97 63
1 83
84 76
44 58
99 74
93 78
0 59
19 17
54 55
16 3
19 87
25 98
54 29
69 36
32 69
71 62
96 2
39 38
49 44
90 4
37 15
91 53
2 73
40 25
17 43
69 87
53 82
16 6
96 28
67 76
80 99
58 15
86 69
41 54
49 12
23 40
37 42
0 19
62 11
35 16
22 91
3 31
75 7
43 52
30 83
75 10
52 26
73 28
81 1
18 84
73 33
26 85
51 90
24 99
28 34
95 7
0 47
30 48
15 70
78 7
14 22
24 37
58 48
37 84
73 76
40 66
23 31
42 73
49 29
46 81
99 45
74 15
75 74
61 58
21 53
93 17
57 68
90 50
10 24
18 59
29 45
39 75
71 27
47 80
86 30
99 51
24 43
51 38
95 30
9 42
95 29
50 26
93 62
10 59
62 57
22 45
40 6
79 29
54 73
15 66
68 4
46 75
70 46
92 9
30 38
81 62
70 25
26 26
96 91
96 18
69 41
29 17
74 36
45 46
2 99
10 57
24 48
13 71
99 38
98 34
64 31
75 49
58 29
90 96
79 93
66 46
14 92
42 29
20 59
1 49
38 63
2 36
40 90
68 65
37 74
38 5
68 87
23 87
28 2
89 13
61 20
80 24
16 70
19 59
88 71
83 80
55 75
5 99
28 54
20 94
59 58
35 14
28 65
2 70
79 54
90 5
13 15
70 76
22 49
46 99
58 40
33 54
2 49
3 29
9 23
80 37
75 43
62 43
68 40
78 78
61 37
30 62
73 53
28 55
26 90
70 98
35 37
97 0
50 99
75 33
36 51
96 21
73 47
82 98
60 33
88 0
12 10
76 34
79 51
21 18
60 49
0 93
77 5
65 11
27 51
20 90
96 5
44 0
94 14
6 15
21 75
3 58
5 75
54 58
34 80
15 25
95 64
21 48
51 65
65 95
40 67
68 79
50 5
89 44
93 30
31 99
41 17
44 39
70 27
62 4
2 66
45 12
30 26
15 55
72 81
23 62
49 1
79 30
67 4
85 87
61 17
12 73
18 40
63 16
38 10
75 45
94 75
29 80
54 3
84 17
84 57
90 76
2 86
77 84
85 38
97 96
58 87
82 50
62 6
2 55
67 28
39 45
88 20
24 59
13 70
73 96
83 79
49 95
2 96
40 95
12 86
36 34
34 59
52 52
33 32
13 88
41 50
22 10
49 47
62 48
28 66
89 62
63 4
15 96
61 46
72 34
32 52
69 51
91 56
49 6
29 69
57 56
68 17
93 68
76 96
61 31
51 78
23 38
34 11
88 56
52 66
66 63
40 31
49 76
87 76
64 73
94 70
52 55
8 39
18 35
8 18
31 54
7 14
36 46
5 69
77 50
53 3
34 10
59 2
26 97
90 61
13 38
58 75
79 99
43 57
37 3
50 85
91 35
56 62
78 30
40 59
75 32
20 57
85 74
9 74
99 40
93 31
66 53
52 70
5 77
37 33
27 76
99 6
47 55
83 58
51 92
50 52
40 23
74 92
73 45
51 97
72 1
86 98
63 38
78 73
22 98
95 0
70 37
61 16
7 75
45 39
45 78
11 87
74 96
41 48
69 0
23 32
53 5
86 23
31 84
36 43
48 11
38 93
0 89
87 23
22 26
76 71
68 54
96 26
35 22
34 89
14 16
81 27
80 34
5 6
49 10
75 26
74 55
26 1
22 81
91 70
79 41
86 95
72 42
30 44
79 46
83 41
94 83
86 7
24 5
86 53
16 62
47 67
22 86
64 97
67 18
90 74
41 78
7 35
4 69
83 24
86 37
66 52
54 4
94 82
99 81
70 56
44 37
95 58
67 34
97 83
1 26
62 34
7 17
80 88
36 80
8 88
20 75
55 58
68 68
30 46
71 64
61 7
32 32
50 37
23 79
77 10
39 69
58 53
91 78
67 15
92 26
14 55
13 28
71 0
80 12
11 62
62 46
58 79
44 41
12 6
6 42
85 71
13 61
83 56
97 81
58 52
10 55
27 87
48 77
46 13
97 48
77 48
22 99
31 12
0 60
77 37
18 70
39 73
60 79
74 21
25 90
98 53
25 40
96 4
59 18
88 39
41 1
67 52
75 38
46 60
25 47
48 29
18 1
44 99
98 12
23 23
11 98
54 28
28 14
16 14
56 93
16 99
14 93
11 12
1 32
55 14
5 21
59 82
17 88
53 7
62 32
86 74
82 49
24 72
16 15
11 0
33 84
9 12
64 33
65 19
84 91
12 72
9 28
4 64
73 1
81 97
44 28
80 5
25 88
50 55
73 34
61 50
62 67
98 85
85 83
74 24
67 98
68 41
12 13
7 45
66 31
59 35
36 24
18 77
6 6
6 2
54 75
87 63
9 47
67 85
82 21
25 7
40 19
90 40
89 26
85 41
14 23
91 14
84 10
21 80
87 25
44 27
5 39
23 93
78 87
52 35
87 9
23 1
88 85
60 27
95 2
83 85
97 78
67 75
85 55
43 10
89 51
2 44
65 46
25 20
17 96
92 20
91 21
2 33
74 71
75 81
60 1
18 44
37 60
56 40
81 38
26 12
78 51
47 43
42 82
8 28
10 65
19 83
37 5
42 7
90 55
73 74
63 52
98 95
86 88
12 74
17 48
59 84
46 98
49 19
83 30
1 34
98 68
74 81
91 26
73 43
23 51
66 81
53 77
18 83
12 59
34 46
94 65
32 4
31 77
56 81
65 0
46 26
16 21
39 79
71 86
94 36
3 68
29 40
17 65
97 5
97 73
88 69
30 10
76 51
1 91
52 76
50 29
94 99
98 73
51 48
22 33
77 2
77 70
28 76
68 96
31 71
40 86
5 47
55 69
19 21
50 49
0 48
25 19
92 75
32 1
57 89
27 21
45 19
2 59
12 90
97 62
24 77
79 52
98 56
18 58
41 83
31 91
43 97
87 51
74 29
49 4
37 87
80 28
78 2
93 55
92 42
80 97
96 50
95 26
0 68
52 28
16 64
43 78
72 54
84 81
66 93
57 11
23 14
47 57
43 0
9 79
61 2
3 16
6 24
53 75
40 55
96 78
43 13
85 27
83 0
16 92
76 19
82 36
28 25
86 11
60 47
39 53
36 11
53 40
16 65
54 60
34 39
58 57
63 65
54 89
2 18
7 53
30 45
63 49
89 90
81 9
76 90
69 75
67 93
65 12
53 56
36 83
85 7
13 9
74 12
10 88
58 23
33 93
54 74
98 7
12 12
96 44
59 85
79 19
90 88
15 13
0 1
1 7
22 40
14 47
85 79
81 25
34 14
28 70
47 84
21 45
28 79
48 84
81 51
80 38
48 72
73 35
13 27
59 47
7 8
62 71
5 57
29 29
18 93
23 33
59 55
18 13
1 54
83 18
25 76
58 86
89 81
51 11
75 39
88 82
26 42
14 91
56 92
77 80
43 64
67 77
36 48
47 88
14 59
90 58
51 98
61 13
8 33
80 92
69 81
13 0
32 29
33 0
62 40
35 75
31 95
73 5
60 39
83 32
40 8
33 29
26 17
4 22
68 72
86 65
38 97
1 61
74 38
67 89
82 75
24 52
17 1
53 43
55 9
6 97
22 84
52 83
8 36
2 22
21 38
46 0
55 15
35 50
93 10
71 94
86 71
70 69
39 78
22 79
57 51
66 27
53 41
42 98
64 99
30 31
64 85
68 76
5 58
65 56
24 19
49 23
84 55
0 37
76 86
14 7
64 36
21 78
38 32
35 30
26 11
20 71
52 44
41 18
46 19
70 59
97 19
76 56
54 90
50 57
63 54
80 51
22 95
28 71
1 46
35 4
84 63
36 77
1 69
60 24
92 15
5 23
20 19
98 51
34 63
60 94
45 28
80 19
23 47
20 12
18 53
39 42
39 98
38 53
55 76
41 98
13 74
84 30
66 83
59 86
87 3
60 19
53 88
70 79
54 38
34 62
74 42
86 89
21 12
87 6
9 14
55 50
46 52
89 47
75 75
85 39
3 34
90 3
32 9
17 92
64 76
35 5
41 10
54 69
35 51
1 33
88 36
86 35
16 84
75 41
90 12
76 62
31 29
65 28
32 3
37 82
10 56
96 9
40 51
79 96
34 50
91 47
87 81
84 69
87 32
22 22
77 46
55 93
57 88
78 80
85 28
79 20
30 53
87 8
96 79
40 36
90 86
1 38
67 12
43 65
58 73
63 72
54 52
19 81
24 94
37 50
67 46
59 22
51 36
48 35
23 28
89 0
21 19
64 61
81 80
48 8
70 36
97 67
70 65
33 78
66 8
15 86
41 21
87 41
88 81
63 59
84 77
15 23
46 97
16 71
18 76
49 26
73 91
0 28
13 1
4 38
0 80
2 58
50 24
45 33
98 61
70 84
81 44
72 82
33 62
67 56
84 24
75 95
99 84
66 69
66 73
30 37
80 26
92 23
29 44
70 28
23 53
28 85
6 29
29 14
16 10
95 59
78 81
53 17
25 52
18 7
30 90
18 5
45 65
17 50
88 59
9 24
0 26
40 75
94 3
72 29
77 4
83 35
94 68
57 4
21 50
68 51
67 35
19 10
47 38
84 65
99 9
98 67
65 6
93 96
78 28
30 23
53 71
36 95
94 30
29 57
80 87
72 63
18 89
37 55
87 87
70 83
87 54
38 19
46 23
91 6
34 69
55 12
26 76
4 85
36 97
65 65
35 73
91 41
45 62
46 37
75 83
28 93
18 81
49 99
31 63
14 53
26 9
15 56
77 0
86 97
67 44
75 82
37 99
8 82
4 93
95 87
97 26
6 1
7 58
85 48
34 73
66 6
98 8
85 19
66 76
53 37
56 61
20 21
87 53
1 97
55 22
98 32
58 5
31 5
36 85
44 29
26 80
75 48
86 40
5 91
31 16
39 51
24 54
76 38
11 45
47 29
50 82
24 56
60 68
86 67
44 14
29 26
6 64
52 61
69 10
28 99
9 45
55 8
6 57
47 7
45 88
31 50
77 85
63 87
28 67
89 18
19 8
39 26
88 57
76 83
30 25
59 14
56 67
27 73
70 89
4 34
19 53
85 80
83 92
49 7
27 33
7 68
67 97
94 23
91 29
47 23
91 42
52 64
64 59
56 15
12 38
43 94
67 59
78 44
29 41
89 1
89 21
5 4
72 87
84 5
45 32
27 93
36 68
91 4
74 56
87 46
15 20
88 65
4 20
54 62
43 9
60 46
59 13
73 14
36 42
48 98
36 78
41 99
7 63
17 44
44 79
75 42
42 2
88 63
22 87
62 72
18 18
75 57
48 32
79 9
22 11
57 66
37 78
84 43
76 80
38 83
46 95
43 86
68 3
74 11
71 44
93 12
34 78
49 15
49 54
57 76
83 48
55 19
59 50
62 36
1 9
47 83
2 88
86 20
31 88
27 0
10 18
47 85
53 11
79 21
20 54
4 31
40 0
50 18
69 1
89 46
23 76
96 60
25 43
40 43
49 51
38 99
78 54
88 15
24 15
95 93
45 66
9 4
16 33
21 44
3 98
75 40
24 16
54 91
72 4
20 65
79 50
51 46
53 86
80 58
73 82
20 69
70 29
41 86
74 53
33 22
51 27
11 67
7 69
96 53
6 76
22 34
15 27
16 9
56 52
24 27
59 83
92 2
37 10
6 94
19 11
37 43
91 61
43 63
48 0
18 61
42 9
57 41
89 54
17 22
14 78
58 3
78 70
43 18
34 90
97 52
6 20
90 48
42 15
11 28
58 65
67 22
52 14
16 59
65 14
4 15
19 5
3 39
12 58
72 69
13 8
79 48
24 74
54 41
24 60
65 49
5 20
36 1
79 6
55 62
7 38
8 8
26 29
12 35
81 93
83 90
77 87
99 61
83 55
73 23
46 20
50 76
85 14
50 12
95 66
98 90
55 46
72 53
75 15
13 37
98 26
78 61
28 46
39 5
32 12
13 82
2 31
16 86
7 39
89 24
67 54
14 74
72 68
77 66
61 63
29 91
4 36
94 7
64 37
36 7
22 75
65 45
55 33
89 7
11 19
35 87
55 56
18 21
52 45
44 46
74 98
39 86
85 92
99 53
30 79
95 41
51 68
11 73
3 62
2 2
37 19
50 58
56 45
47 22
26 46
23 2
54 31
9 75
23 73
70 19
58 64
82 74
68 1
81 90
42 59
44 95
66 9
23 19
35 18
17 90
62 88
65 22
2 27
68 93
70 34
37 27
85 69
36 55
76 27
13 99
79 82
39 37
63 41
38 94
43 70
92 48
78 84
0 17
38 9
57 98
0 22
38 77
39 82
13 77
45 57
92 58
58 0
59 15
62 54
92 55
83 72
77 25
23 49
9 71
62 3
45 98
93 7
58 94
51 56
10 2
35 0
52 58
2 32
24 17
39 15
70 51
94 78
15 99
84 54
41 88
27 68
96 56
26 69
19 2
11 30
36 57
70 81
5 50
3 19
62 45
44 13
34 51
4 66
70 66
86 60
32 75
72 51
0 4
47 50
20 51
90 2
69 40
47 98
6 51
72 62
32 16
39 92
72 95
52 17
5 7
4 46
95 23
77 42
31 66
70 73
18 73
93 95
70 52
14 15
98 57
54 67
42 3
43 81
2 83
60 80
62 17
14 72
25 86
14 85
25 93
11 43
22 85
45 37
58 25
92 60
3 82
67 10
63 60
47 65
21 86
76 45
4 61
28 29
63 86
76 89
30 75
74 87
32 18
16 40
5 24
87 57
11 65
11 40
99 43
19 32
47 33
81 91
32 48
67 3
61 83
49 61
16 31
38 34
41 53
28 92
30 72
66 89
45 25
98 55
80 81
70 2
61 98
90 93
42 26
30 84
10 42
19 40
14 76
75 29
37 21
18 15
26 89
4 2
1 65
69 63
18 3
63 94
26 84
34 49
60 53
26 93
41 94
44 55
79 12
16 63
40 56
27 91
42 45
99 95
55 49
21 42
2 72
64 44
25 39
19 22
90 65
67 47
39 0
5 49
95 1
78 89
64 24
96 94
13 18
19 93
14 12
92 88
0 40
35 91
8 59
80 70
22 92
72 9
90 92
52 30
9 96
27 9
71 56
46 43
10 96
67 79
55 84
86 87
82 72
13 73
28 68
15 1
39 97
7 65
85 65
98 82
47 44
37 40
92 71
85 84
41 6
68 2
20 84
83 83
14 66
10 11
1 4
20 64
4 24
71 93
59 10
89 84
5 46
6 74
81 14
34 23
67 60
70 85
44 67
72 8
29 10
29 20
78 85
12 45
86 80
51 81
54 98
18 49
68 70
97 71
29 35
87 95
21 39
2 10
28 4
82 34
89 15
85 57
80 29
37 62
53 98
87 35
71 42
42 25
85 58
22 83
26 44
52 56
14 18
17 26
90 14
12 27
8 90
2 15
11 68
8 26
78 5
63 14
80 3
0 90
38 51
73 80
70 35
50 84
89 75
87 42
74 48
86 26
25 36
25 44
47 12
36 70
96 30
14 4
85 68
59 91
5 70
65 83
55 23
11 33
7 85
37 11
24 64
25 91
0 53
76 0
93 86
61 90
93 56
85 11
82 88
91 51
81 76
4 68
73 22
75 0
19 39
98 41
42 81
26 61
91 37
34 37
18 46
91 96
2 30
79 40
87 55
47 93
47 34
43 67
4 86
16 97
95 13
25 38
91 98
94 84
34 97
7 55
61 65
49 30
23 34
6 19
38 61
48 25
73 90
85 53
35 65
46 40
23 55
92 18
32 57
10 87
87 93
25 42
99 15
60 97
93 2
69 27
86 8
5 98
76 63
74 73
94 94
3 1
89 74
45 69
96 58
72 40
10 28
17 21
7 37
21 2
76 97
73 27
42 17
15 67
29 74
16 28
38 45
16 88
31 53
5 92
35 58
51 66
63 85
35 55
55 44
64 12
28 77
14 35
58 27
99 1
94 66
9 73
86 81
90 73
71 75
41 60
40 39
49 67
7 20
8 99
13 90
52 65
34 88
79 94
60 67
77 94
81 18
11 44
46 45
96 75
64 68
81 85
57 20
60 64
66 15
76 40
58 90
0 0
63 27
76 77
29 46
15 33
73 78
18 0
74 41
90 66
14 28
25 11
2 90
81 75
57 14
28 74
53 85
49 3
33 36
81 29
49 68
22 23
59 70
73 73
56 24
13 55
89 2
20 60
62 37
45 50
39 27
30 16
56 29
4 14
80 68
84 95
65 13
0 64
22 53
76 24
47 32
74 33
90 21
1 94
77 75
26 83
82 68
98 17
21 15
39 29
72 6
10 60
3 81
9 55
44 24
94 56
49 83
3 54
10 49
14 86
68 29
24 4
34 60
34 87
27 10
91 67
66 67
21 97
82 71
67 20
39 94
43 7
94 8
2 50
30 93
93 37
0 38
40 37
20 42
88 96
99 49
66 49
21 49
30 57
77 82
82 24
51 85
82 18
92 45
0 42
73 11
50 66
89 40
21 36
95 43
14 60
45 45
6 77
95 11
18 27
30 89
62 41
51 34
79 37
67 51
95 10
18 55
50 44
22 44
39 44
98 91
41 55
67 81
33 92
4 32
58 24
34 53
5 71
36 9
54 56
76 33
21 46
49 77
91 62
51 25
8 46
16 36
77 73
3 99
69 54
29 76
66 45
21 73
8 63
84 83
11 75
30 41
8 57
5 73
77 20
16 52
44 56
33 57
63 18
10 5
94 55
15 76
99 66
3 32
27 47
60 85
17 31
98 49
69 84
37 88
67 41
10 70
83 50
82 78
6 60
46 80
40 5
9 25
22 16
22 73
31 59
46 63
56 82
26 0
70 31
63 26
4 94
0 91
98 70
47 71
11 59
30 20
1 37
49 87
43 21
27 85
31 2
70 20
57 43
30 66
27 88
70 78
40 40
17 76
48 90
93 33
41 51
3 66
53 69
27 43
79 97
29 21
12 79
69 30
96 24
62 69
55 71
56 71
1 71
82 81
96 64
72 24
16 24
27 22
3 36
90 81
43 87
98 25
71 22
97 12
32 27
3 96
60 99
61 81
9 59
96 73
25 25
45 22
6 35
54 66
7 78
16 27
73 9
8 34
82 2
66 10
84 37
14 62
98 38
29 65
67 21
80 96
83 6
23 67
52 11
3 63
51 2
96 93
86 79
55 88
85 91
77 12
2 19
36 33
96 34
74 22
60 60
15 14
91 71
50 79
20 18
63 45
74 0
86 17
18 36
41 69
45 76
8 54
61 6
37 52
0 73
19 24
99 35
30 47
41 29
87 92
18 11
5 44
93 98
91 99
96 10
87 50
41 14
40 38
10 15
49 91
90 85
56 75
50 62
60 4
89 17
10 14
20 92
0 23
1 23
16 42
61 91
31 42
45 95
1 75
74 28
36 2
76 99
1 98
65 25
21 84
39 65
99 52
27 48
26 82
76 10
37 90
70 6
39 20
75 73
33 80
43 58
73 72
61 45
41 7
84 64
6 31
86 24
83 87
7 88
89 77
15 61
79 15
95 32
17 70
63 32
76 49
68 64
97 66
53 66
82 86
91 45
31 69
51 83
10 89
53 20
71 34
67 61
70 95
73 66
93 52
51 8
98 0
46 86
88 84
69 21
63 37
74 13
13 3
23 0
18 57
82 8
81 6
58 46
15 40
82 13
97 25
17 64
12 55
86 19
78 62
26 87
26 71
63 92
76 31
83 88
70 32
51 89
75 62
39 43
45 61
75 2
44 11
30 7
40 69
68 91
17 79
10 17
68 60
11 53
71 32
17 37
94 44
90 30
22 76
96 52
65 63
32 11
76 87
79 85
41 72
76 59
78 16
84 45
94 38
85 12
83 94
48 14
10 84
66 47
58 45
8 32
43 73
70 74
22 93
63 21
25 77
51 64
79 42
30 32
56 42
26 2
49 20
53 21
40 60
40 61
59 24
92 90
16 47
31 57
64 14
25 65
88 13
11 36
56 5
58 4
8 40
88 91
19 31
65 17
60 52
21 88
81 96
35 86
39 61
29 67
94 76
46 85
94 45
29 90
82 87
4 55
6 27
9 41
34 44
77 36
44 26
68 19
32 13
78 74
89 6
93 94
15 80
62 55
92 61
70 80
73 7
85 24
67 90
84 89
81 54
77 7
13 46
84 16
41 11
17 59
1 10
96 83
80 14
36 52
40 68
72 31
58 99
47 28
52 90
91 81
60 63
27 86
32 46
90 82
72 91
51 29
67 11
53 46
50 31
71 2
38 35
20 91
34 91
72 30
77 23
55 99
97 23
46 83
2 94
72 66
92 56
53 32
60 76
73 24
60 71
40 78
70 33
91 80
58 16
72 23
0 33
62 73
18 71
6 61
10 39
4 96
11 32
79 87
20 70
97 50
8 21
77 53
84 18
60 57
11 90
17 93
0 54
72 27
26 30
71 46
69 73
29 34
23 96
62 21
91 44
29 64
19 54
8 62
98 92
9 18
65 61
48 47
2 0
88 95
47 87
65 59
9 31
63 40
31 48
75 58
94 74
13 48
52 67
60 61
62 49
63 56
94 91
82 67
74 72
4 30
35 70
51 24
64 92
49 78
80 2
14 58
91 30
65 33
52 27
1 55
97 30
94 1
43 92
54 19
71 69
67 31
73 79
2 74
34 67
71 67
53 91
62 47
97 57
29 13
20 11
78 21
45 53
19 0
61 28
51 63
20 83
27 89
10 63
21 91
29 8
53 4
38 68
63 95
20 48
29 47
70 53
82 76
53 95
14 81
31 82
48 73
71 36
16 45
95 37
84 49
59 45
58 34
18 10
57 50
81 81
10 98
1 59
34 58
26 49
74 82
87 5
44 30
75 19
86 5
40 48
31 78
7 84
33 89
44 10
86 84
37 97
14 67
78 20
32 80
90 60
92 46
77 22
73 69
57 79
74 59
34 2
59 3
55 68
52 62
7 83
99 20
57 62
99 39
27 84
60 42
98 58
11 35
82 80
82 44
2 65
65 37
82 25
42 68
83 67
59 17
47 51
14 64
81 19
78 42
52 21
17 15
34 16
33 98
3 76
31 55
77 54
46 82
51 76
18 63
22 89
4 21
82 61
66 80
37 41
34 17
9 88
5 55
97 53
1 62
86 46
60 62
99 83
79 71
80 44
69 11
26 64
5 87
23 24
62 93
86 83
0 57
14 36
44 84
63 67
12 97
17 40
80 45
56 48
0 85
5 29
71 24
15 3
95 90
52 59
71 38
98 71
63 28
41 67
17 4
71 78
15 51
3 74
5 66
30 5
87 69
90 26
71 97
98 31
94 9
56 84
79 22
0 45
47 8
97 22
60 36
95 94
60 6
20 45
45 7
82 39
6 81
83 49
34 27
97 98
15 11
84 19
93 73
56 78
72 98
88 27
69 3
18 82
20 2
4 83
71 40
85 13
60 3
7 6
30 59
31 97
47 42
8 72
56 12
37 22
34 48
31 18
2 45
27 16
95 80
5 42
29 61
99 99
45 86
55 72
85 46
3 53
88 19
39 99
55 78
66 37
95 57
8 31
32 65
41 44
98 83
27 25
54 6
22 7
55 3
85 17
98 23
42 63
69 72
42 60
15 34
99 82
38 91
51 5
27 58
22 21
8 79
50 34
81 63
50 88
60 29
7 71
54 94
94 26
50 96
36 16
88 54
92 54
6 82
79 16
31 23
17 53
26 45
62 81
97 87
72 20
79 55
77 47
72 88
4 4
57 24
22 70
92 83
92 72
88 25
56 90
32 23
22 15
12 66
73 4
84 14
52 29
64 64
44 76
41 91
18 79
7 72
48 95
88 32
80 72
3 6
56 59
28 33
93 97
7 33
95 92
8 86
66 36
13 24
81 65
7 60
68 56
78 92
14 52
40 88
54 34
2 28
83 43
1 44
70 77
56 89
11 1
94 22
5 63
11 26
15 93
27 64
43 30
38 27
9 81
82 27
28 53
0 74
42 44
84 88
22 13
49 70
78 88
10 45
42 51
62 31
74 31
94 71
82 40
58 10
25 99
59 38
21 16
66 42
82 11
98 63
40 64
97 16
12 41
71 7
59 26
56 4
67 5
91 11
59 74
67 37
35 29
11 27
99 14
85 96
70 47
90 83
61 5
31 43
49 33
0 2
14 87
24 24
8 83
22 25
69 26
29 48
76 79
11 6
85 66
2 71
74 68
43 47
22 1
67 66
99 37
46 57
77 9
37 79
52 15
68 7
18 37
64 3
54 40
23 42
84 25
46 68
37 57
3 55
40 94
78 58
98 43
40 22
31 72
46 29
4 65
87 24
3 83
75 91
19 72
23 60
42 20
95 4
63 44
90 57
87 45
68 90
51 13
87 75
85 30
40 16
38 21
15 9
43 41
5 10
21 63
17 41
42 4
42 64
54 32
13 50
27 1
79 39
98 79
29 55
58 18
19 75
71 83
93 81
78 72
86 54
27 15
44 61
27 44
32 42
61 78
44 2
3 51
98 10
11 52
9 72
18 80
12 23
20 53
4 47
26 14
38 7
26 21
74 67
20 79
8 23
37 35
9 34
38 26
72 73
81 89
77 40
72 47
81 30
38 66
88 50
84 7
74 2
77 64
29 28
46 18
6 13
81 21
37 65
27 5
85 36
82 66
78 41
42 37
27 4
36 4
53 62
8 87
67 58
16 8
36 93
66 22
67 62
38 40
62 27
57 6
59 97
35 64
15 97
74 17
89 52
30 22
73 83
52 50
19 42
26 48
14 0
13 29
5 72
18 6
70 1
74 8
59 29
16 95
50 30
64 75
69 92
24 41
70 8
84 90
67 39
65 32
3 8
90 44
49 72
72 3
23 83
82 35
75 27
68 85
23 61
74 10
92 22
91 72
17 7
48 21
52 42
74 23
29 99
74 97
8 16
61 87
49 56
80 93
18 34
52 33
79 92
28 32
31 87
31 11
69 4
79 35
25 16
43 50
5 65
58 1
12 25
79 64
17 34
37 53
76 94
12 30
0 35
43 32
6 40
47 13
93 45
84 42
18 9
37 37
50 77
87 27
54 85
31 92
46 38
5 40
61 73
61 48
81 77
23 20
65 34
26 4
5 11
22 32
26 96
46 4
13 49
23 59
30 60
29 25
15 43
19 78
44 18
29 94
13 54
53 18
73 61
20 72
61 24
79 69
56 87
33 45
51 35
28 44
99 59
3 9
9 52
91 34
47 39
80 89
83 95
29 49
95 89
28 96
7 99
52 73
1 86
52 72
47 90
39 54
66 17
7 92
22 52
9 7
72 7
19 48
92 98
42 28
51 4
75 14
85 94
95 44
16 20
67 26
92 67
1 93
5 18
42 54
53 25
56 49
24 67
87 14
90 54
62 26
28 5
63 11
32 36
41 90
33 85
88 34
7 26
5 68
67 16
83 96
78 40
44 15
3 70
30 50
63 73
66 43
69 8
57 86
60 70
18 56
66 95
25 56
55 5
10 44
75 68
91 38
12 84
15 42
19 91
91 84
67 73
45 17
57 40
77 41
63 20
76 70
55 92
56 43
56 14
3 17
43 59
13 35
45 74
66 65
25 53
67 69
24 44
4 37
5 56
76 13
29 92
21 81
50 27
36 59
49 48
2 95
29 19
89 60
69 74
1 82
53 35
64 83
78 45
62 10
92 82
75 84
20 25
42 96
85 6
99 21
19 13
87 28
84 71
63 74
43 55
59 44
49 64
36 92
64 30
57 19
54 79
97 14
60 51
59 81
72 44
48 26
81 79
7 95
42 8
52 10
18 51
69 98
44 90
97 9
75 63
75 12
83 74
29 83
20 32
91 91
44 81
81 53
74 79
35 38
27 83
90 39
97 46
11 7
2 79
73 31
69 47
98 86
83 42
90 8
41 25
76 93
3 84
22 29
80 7
53 9
67 96
75 6
40 92
21 59
83 64
69 71
4 50
13 65
71 96
97 39
72 16
28 75
70 30
61 70
84 62
2 16
93 70
56 27
99 22
88 7
7 41
58 9
3 80
20 35
94 32
2 11
50 68
67 84
85 51
62 59
2 17
74 35
70 15
82 58
97 31
12 99
31 30
60 92
35 72
41 27
74 19
3 43
84 46
34 81
44 66
34 57
13 94
33 70
19 85
56 34
7 48
97 34
6 28
19 7
82 16
52 5
1 77
78 56
56 73
25 51
3 87
42 40
11 81
83 14
62 62
22 8
87 19
30 81
32 92
61 52
78 98
33 73
57 81
20 67
4 40
92 14
80 15
80 53
61 76
51 26
33 2
88 78
94 31
71 77
71 47
21 40
69 19
99 33
70 23
20 17
25 1
83 26
59 49
4 59
7 79
18 32
14 56
30 91
95 74
68 23
25 82
11 37
77 89
15 29
35 57
78 48
54 24
19 86
48 69
63 24
95 55
80 61
57 34
10 9
2 39
52 63
2 34
71 95
28 0
59 31
69 6
83 16
44 68
97 17
41 15
64 96
91 89
13 97
49 42
83 23
22 17
68 30
11 14
88 74
17 42
63 46
46 54
40 9
96 49
90 69
69 56
61 21
25 37
72 43
93 57
5 76
26 39
62 63
86 61
98 13
33 77
41 39
66 97
88 80
14 5
73 20
98 99
81 16
3 73
14 82
75 77
34 36
9 9
71 72
33 53
0 21
9 35
64 19
74 64
64 86
74 49
47 31
65 29
81 56
42 70
36 6
7 64
66 23
62 38
96 65
38 62
87 58
53 97
68 0
60 83
79 77
6 58
31 61
1 18
70 67
51 7
52 85
18 23
38 23
66 75
43 28
9 19
59 21
32 55
9 51
17 51
30 92
83 5
61 26
79 65
34 70
34 5
72 49
64 66
90 41
48 53
36 26
12 15
68 47
36 0
60 2
57 97
66 20
28 37
45 34
87 84
10 22
27 61
42 13
0 34
65 40
87 17
68 42
77 88
42 22
49 2
94 19
85 75
59 75
1 70
10 86
24 78
44 36
73 97
15 32
7 51
40 57
12 37
3 47
76 53
12 78
58 93
15 57
4 0
12 26
63 7
19 28
45 27
56 76
78 99
94 59
76 36
41 3
54 68
34 56
50 32
62 92
34 20
58 31
32 15
65 76
97 27
6 67
52 97
52 84
32 62
66 41
11 97
42 36
97 4
69 5
75 53
65 39
9 30
63 88
2 98
77 51
50 1
83 12
66 60
22 57
91 5
98 28
33 39
14 70
49 97
70 10
61 19
67 67
13 5
51 51
34 40
79 28
23 16
15 2
92 76
78 37
77 14
67 71
38 38
27 30
97 37
77 71
5 90
14 49
30 12
47 21
82 54
65 2
6 66
27 67
33 31
89 63
67 8
13 40
0 98
6 87
99 25
93 23
5 5
86 52
86 78
5 82
38 39
62 7
12 39
92 19
6 65
76 98
9 65
99 71
58 84
17 54
90 27
3 64
88 88
15 39
34 83
61 97
87 49
4 70
40 84
99 48
27 35
60 11
79 8
78 24
41 19
90 9
14 57
30 34
88 12
33 15
37 34
12 47
27 78
21 35
24 36
20 76
37 72
59 65
91 58
53 83
55 37
35 54
43 77
38 8
48 83
29 16
83 98
81 70
10 1
12 87
73 44
95 53
98 1
69 79
2 62
54 7
56 51
53 10
21 72
24 38
41 42
12 14
43 54
20 34
92 39
13 42
99 56
18 45
78 11
74 70
90 59
23 86
73 19
35 76
81 11
83 25
88 79
69 89
78 18
9 91
99 23
88 30
15 17
97 56
98 3
14 71
2 23
40 80
86 12
2 6
52 98
35 43
38 69
30 39
85 72
58 21
22 65
61 47
69 13
83 21
17 72
30 33
19 61
55 28
98 88
51 1
54 54
72 89
58 22
62 30
84 61
8 64
83 39
57 23
26 37
99 67
86 41
34 82
43 34
44 97
20 61
9 29
30 54
46 58
16 83
88 42
86 18
80 52
12 81
21 92
12 3
74 16
65 51
55 40
75 70
92 99
4 99
97 76
85 50
58 36
15 91
54 80
4 84
42 66
9 86
55 1
66 99
20 98
60 59
88 90
32 51
13 95
89 48
16 43
97 68
74 61
83 93
82 15
79 83
49 36
54 11
32 99
98 84
86 39
66 25
98 37
28 39
78 93
48 76
14 37
24 46
32 95
72 84
92 8
86 14
3 3
93 11
34 4
3 45
97 97
60 75
26 92
45 38
91 54
97 85
35 36
84 78
96 46
62 56
68 73
20 44
20 97
60 77
79 78
13 87
28 86
41 32
74 43
72 64
54 21
92 87
42 43
31 28
56 21
3 10
51 75
10 8
33 69
53 16
35 66
82 10
44 49
86 66
78 23
98 96
46 33
1 58
90 62
27 81
32 37
10 69
57 13
1 5
47 26
42 85
70 44
68 67
38 44
34 68
95 6
46 55
15 38
44 91
55 97
76 60
46 22
57 2
15 16
83 73
9 43
85 56
11 63
40 3
65 88
7 25
85 95
63 71
11 82
45 26
80 13
90 10
4 71
26 19
25 83
85 44
43 66
48 16
95 38
78 79
32 91
80 25
6 49
38 29
21 1
49 45
47 25
96 82
28 82
43 11
98 42
79 68
77 93
33 47
54 83
5 41
80 90
72 55
11 58
25 69
3 67
44 33
79 56
60 69
46 14
44 16
91 73
40 65
29 84
66 90
34 85
95 50
78 71
98 11
51 18
89 94
23 68
92 78
13 78
83 19
54 81
53 72
19 1
55 4
11 88
21 5
85 37
63 6
76 74
15 30
35 52
51 33
10 4
56 53
29 2
64 4
14 45
61 74
12 46
42 10
85 98
65 23
45 90
47 53
20 99
7 74
92 84
56 50
90 38
26 43
94 96
74 5
33 1
50 95
90 1
52 91
65 26
59 63
12 67
52 57
95 25
3 2
18 38
10 90
69 88
63 2
92 17
38 76
69 85
65 36
1 21
65 79
56 8
32 47
16 53
47 64
60 96
63 68
92 11
91 28
59 54
65 60
55 18
76 92
66 85
62 68
51 10
65 58
50 54
83 9
86 70
91 27
62 90
70 40
7 86
8 69
1 14
64 32
39 35
97 51
78 65
62 24
53 15
39 80
44 25
26 18
73 67
23 89
89 39
14 20
51 3
76 72
39 10
83 54
53 78
63 84
99 4
38 56
5 79
82 28
59 40
76 22
60 8
62 12
91 48
95 62
74 77
78 90
79 11
73 49
71 81
38 30
3 71
16 60
8 9
72 90
10 54
84 12
16 94
49 57
65 53
4 18
4 3
53 30
2 13
4 53
59 36
30 96
20 37
28 27
11 95
7 80
20 38
50 71
21 20
14 21
6 80
5 83
89 55
42 5
5 37
71 65
5 59
9 54
77 6
53 8
8 95
26 79
41 58
54 97
48 55
11 23
34 64
58 82
45 9
10 40
52 99
28 94
91 23
26 38
96 33
19 73
83 8
40 76
61 54
60 88
87 99
9 61
11 56
75 80
98 72
96 13
46 87
72 60
2 56
63 5
62 83
41 45
71 35
19 82
22 56
46 21
29 18
21 82
85 64
23 12
44 7
14 83
94 53
92 12
54 86
92 41
22 2
31 40
41 52
65 35
24 95
49 58
69 57
17 74
33 91
9 62
11 39
22 41
6 11
90 79
50 59
78 53
13 12
33 9
95 77
42 75
88 67
54 93
65 84
14 73
15 28
2 75
9 48
5 84
26 77
19 88
27 12
68 82
29 6
74 44
3 5
99 57
69 53
11 72
86 99
22 96
87 73
83 60
32 63
72 67
70 50
60 28
37 1
94 61
40 73
29 63
23 58
75 64
39 71
50 92
21 30
58 63
28 89
52 54
77 45
27 19
99 87
82 7
50 60
4 87
41 61
59 56
54 27
57 27
88 51
74 6
52 0
84 3
17 73
47 2
3 49
40 11
36 60
6 5
91 57
54 22
93 38
4 28
85 62
73 26
36 73
48 54
34 79
10 46
35 85
76 23
15 6
33 56
77 95
51 82
29 3
86 34
66 2
26 51
66 57
61 18
39 64
8 81
19 15
43 2
29 86
19 33
8 35
62 14
1 16
19 19
16 77
65 69
46 9
81 20
48 46
65 62
0 65
64 94
17 77
34 12
38 42
2 84
20 23
88 21
42 97
17 2
99 19
52 75
36 28
63 63
58 30
79 33
23 9
57 36
17 17
30 86
53 55
7 5
1 80
14 95
92 43
59 37
21 3
43 83
93 47
97 11
89 10
4 58
75 20
47 14
59 68
62 61
58 50
27 62
57 52
56 80
84 59
4 72
37 6
89 91
88 64
32 39
7 76
39 52
84 98
44 75
42 84
28 63
45 58
4 5
23 8
59 69
36 41
42 46
50 35
15 79
80 10
54 43
21 21
36 15
71 12
39 48
72 45
32 82
24 97
57 77
12 60
44 69
57 80
16 38
29 78
3 57
9 1
94 86
81 0
4 17
55 25
51 80
38 15
90 70
46 72
19 50
62 35
74 78
53 65
67 25
46 59
84 13
74 46
81 67
78 64
86 55
58 42
73 32
52 2
18 97
22 68
84 28
96 92
35 27
20 85
23 17
25 12
21 74
44 53
27 42
52 18
75 55
33 40
31 83
64 56
5 51
82 52
71 76
14 98
82 96
31 90
9 13
16 49
77 24
84 15
38 6
42 57
46 78
17 38
36 30
13 51
45 6
54 50
38 92
88 61
64 10
78 34
62 84
60 32
0 31
78 47
55 53
74 1
30 9
80 11
8 93
24 84
85 73
92 51
84 47
8 55
71 50
21 32
44 60
6 68
80 98
44 80
2 3
26 36
94 98
16 2
31 49
7 89
29 0
55 90
46 25
55 26
25 70
44 71
97 28
29 22
15 68
24 30
16 54
66 44
24 51
23 74
72 99
86 94
74 30
27 11
58 56
13 31
90 31
28 15
64 90
44 6
31 96
87 22
10 85
2 77
84 4
63 17
89 9
15 89
17 11
83 78
40 15
57 71
40 14
87 34
32 49
93 32
89 61
45 41
97 3
38 31
45 80
54 63
62 79
59 59
79 5
51 43
9 44
33 25
17 86
72 75
98 80
99 31
25 6
78 15
28 69
19 43
42 6
57 28
57 60
56 6
66 16
56 96
53 94
73 36
0 71
32 44
70 49
20 74
45 51
47 11
70 43
97 91
91 92
10 34
65 89
60 40
45 20
73 12
42 80
85 3
21 61
18 50
48 59
20 52
58 98
69 32
36 96
94 64
51 84
64 70
0 78
91 64
3 33
78 36
97 92
38 60
24 32
21 55
33 60
10 82
61 39
26 40
21 79
70 24
28 56
90 22
78 75
14 90
44 54
23 94
11 89
62 82
33 79
31 58
53 27
99 27
40 82
58 68
59 76
62 75
69 12
63 83
42 83
80 69
64 2
50 17
57 54
40 87
91 18
48 57
20 93
30 61
70 42
96 61
64 20
2 8
36 65
42 12
84 20
16 50
37 45
82 26
33 90
71 16
23 27
81 72
87 21
97 7
20 55
50 25
75 52
91 50
40 85
36 67
53 89
60 14
69 38
66 59
69 37
75 85
42 21
42 78
13 4
36 72
81 33
99 26
71 29
17 67
71 26
21 6
11 2
34 0
86 36
33 96
2 53
63 33
6 71
17 30
11 96
32 98
73 92
23 95
39 24
41 82
64 80
8 58
88 5
10 78
40 91
11 9
24 85
34 38
84 99
33 26
92 81
64 45
47 49
57 48
56 68
75 37
81 46
50 48
82 91
32 66
59 90
45 59
1 85
37 66
85 77
26 60
57 31
83 75
27 95
96 88
50 2
72 46
59 11
40 83
54 37
37 86
28 61
22 94
41 20
20 3
48 34
33 48
38 46
77 35
59 99
56 60
96 36
46 62
64 95
64 1
95 28
43 84
49 82
58 67
76 52
5 0
9 49
25 41
77 1
55 64
36 13
77 98
53 84
7 61
56 2
46 74
84 11
22 42
50 73
60 54
25 80
21 43
83 84
22 39
21 56
63 82
13 7
34 72
81 35
18 87
89 85
81 99
95 8
41 22
26 54
86 21
98 6
49 80
74 76
12 91
56 18
83 86
53 51
11 5
69 9
54 14
93 60
44 19
26 35
27 60
4 60
31 39
38 49
92 10
93 3
84 1
14 68
70 11
14 48
87 79
36 89
81 34
65 18
51 79
56 10
21 0
29 30
17 5
87 16
24 79
87 80
10 72
62 33
13 6
83 46
28 72
93 50
47 72
91 76
42 55
61 96
30 77
13 16
22 59
75 93
97 59
56 41
51 87
13 57
80 84
16 41
40 54
46 8
41 34
11 80
51 57
75 13
96 16
72 33
62 65
75 59
28 11
93 6
49 59
73 86
23 99
34 95
0 56
62 5
57 63
15 71
76 9
35 47
98 59
54 42
1 73
30 29
99 44
60 37
51 52
89 8
92 52
81 86
31 31
91 79
77 15
58 28
27 14
30 2
85 22
58 38
32 19
0 20
69 52
46 69
66 98
34 98
58 71
45 8
25 45
29 79
48 62
76 68
77 86
91 24
11 31
64 39
74 83
93 67
73 39
52 40
36 76
33 8
39 11
11 55
61 0
67 9
67 68
24 57
67 50
48 82
31 79
16 55
52 49
89 29
87 64
62 99
14 54
36 91
61 68
74 45
15 94
28 83
17 97
98 81
19 26
90 99
15 10
54 46
12 80
44 40
66 84
78 82
13 11
84 58
9 82
55 85
73 15
85 0
42 19
2 12
53 92
12 21
21 85
59 87
57 1
99 13
79 1
25 26
34 6
88 22
38 79
26 55
69 42
71 30
26 67
33 28
61 34
18 48
36 45
22 58
65 3
20 62
17 32
50 72
48 74
81 60
11 54
62 77
1 84
93 44
73 75
79 57
89 65
9 2
88 77
53 19
23 70
22 74
45 24
36 74
79 89
13 86
85 67
30 76
8 42
14 25
27 74
38 88
86 62
22 50
36 81
70 90
90 95
92 6
97 80
55 70
41 13
73 57
48 56
17 6
40 30
37 64
62 44
52 13
63 50
91 82
38 57
59 32
68 46
3 85
51 20
5 74
56 47
23 45
30 97
41 84
48 85
20 41
20 89
17 36
43 80
16 82
29 60
5 86
43 99
65 82
87 29
50 19
42 89
21 28
32 71
24 65
67 38
72 85
3 69
40 46
45 36
33 46
88 10
3 92
79 72
76 65
94 21
63 13
99 55
82 22
63 53
93 87
13 92
70 13
9 57
53 0
30 55
45 21
40 35
63 3
30 21
45 68
69 14
38 64
46 6
90 91
77 72
32 60
93 34
10 37
41 64
51 53
17 46
1 27
94 0
4 6
85 78
17 85
31 36
76 67
30 95
77 28
43 39
40 10
88 24
93 77
0 76
79 32
29 53
41 92
47 91
38 54
64 65
38 33
84 2
41 65
82 46
96 27
95 52
45 16
98 45
47 24
99 75
64 72
38 67
34 3
7 49
65 48
86 29
48 50
15 0
44 32
81 59
26 57
98 50
73 63
93 64
55 57
87 43
39 31
56 31
80 35
44 65
44 89
36 3
37 81
3 52
33 33
13 30
58 74
92 47
86 28
24 29
98 48
68 33
96 23
73 65
2 48
69 15
40 1
40 81
37 7
59 0
88 98
30 6
2 69
29 73
18 42
93 40
39 2
89 34
39 33
5 26
17 95
63 78
89 5
35 56
98 36
81 43
93 54
33 68
36 19
7 42
59 30
61 3
96 97
72 28
66 32
48 48
11 18
26 8
48 65
49 25
65 67
82 47
26 16
94 92
15 62
54 2
71 59
51 9
38 71
68 92
91 88
86 85
38 11
38 86
55 89
72 58
45 47
44 44
44 1
49 11
1 11
68 34
54 57
12 36
16 87
32 10
49 88
78 22
83 53
70 41
14 34
78 35
36 99
66 7
13 47
2 41
28 22
18 26
91 1
32 61
25 79
40 13
3 0
87 86
94 85
7 73
55 20
7 3
79 23
8 66
82 51
37 49
92 94
4 89
39 95
18 99
52 9
28 23
6 33
90 43
21 10
87 38
17 23
49 74
55 74
84 51
64 40
57 70
4 16
36 22
58 35
55 80
15 75
61 61
63 99
55 47
44 86
71 82
98 74
6 63
87 10
60 50
80 4
91 85
89 88
8 52
27 31
65 74
43 89
72 57
14 3
40 12
4 56
66 55
60 7
91 22
54 84
28 10
90 97
95 46
39 70
7 90
9 6
21 11
41 74
62 94
52 3
18 2
44 22
32 67
63 89
80 77
48 7
15 85
50 93
30 40
95 96
57 8
7 98
11 74
9 93
87 89
98 52
17 56
76 50
78 95
53 79
57 3
47 17
59 48
25 57
19 94
12 85
89 56
88 62
60 0
5 14
48 40
72 97
92 37
7 29
52 41
87 91
24 20
75 9
76 57
73 42
75 54
17 19
46 16
2 63
24 47
87 97
18 66
11 71
15 87
4 78
67 91
1 57
13 91
68 13
50 50
52 36
82 56
68 61
55 98
50 33
51 73
9 98
50 78
9 78
76 12
58 66
49 94
11 11
41 81
37 91
19 64
41 75
41 79
57 46
85 61
57 38
92 36
72 32
14 50
99 8
15 83
67 42
61 99
9 5
72 79
23 37
51 95
38 25
76 95
86 82
46 89
82 1
1 19
28 49
56 83
24 3
61 4
44 4
73 70
54 76
91 74
75 5
39 49
31 51
69 66
50 39
12 5
67 29
70 72
70 54
90 75
50 43
42 86
6 44
30 70
1 89
0 84
99 34
5 33
61 93
44 50
16 30
38 18
34 7
78 13
53 36
31 7
80 74
46 70
98 4
33 55
57 42
44 23
84 31
74 57
81 40
76 8
61 1
7 4
99 97
39 87
90 98
57 33
5 96
24 14
42 88
92 91
5 53
46 47
33 13
40 71
54 39
44 93
7 91
94 35
28 40
98 76
89 98
77 49
12 98
72 12
83 15
6 70
92 13
95 27
46 35
24 92
4 63
54 87
87 59
29 11
32 58
3 15
82 84
30 73
92 7
25 81
95 34
73 87
10 94
8 12
54 30
44 83
64 84
73 37
61 79
44 85
70 14
88 6
93 83
42 61
70 94
26 15
85 20
62 70
52 47
70 82
13 76
30 18
51 39
9 38
22 5
11 42
42 74
35 10
89 38
80 91
77 57
28 60
34 19
23 98
61 56
14 27
47 81
92 16
32 81
40 20
43 42
71 17
0 96
2 20
72 2
88 11
41 23
69 29
64 8
1 95
18 78
44 48
41 80
78 9
82 20
58 7
15 53
34 94
99 29
23 10
8 50
12 88
61 86
29 7
37 8
95 5
0 50
30 98
96 85
33 11
81 92
81 68
46 3
74 58
43 79
57 55
28 31
39 32
74 88
17 61
10 13
65 73
94 57
66 71
7 94
41 66
59 51
56 55
40 58
99 0
35 35
5 64
95 24
42 11
4 92
42 48
40 29
45 23
53 22
56 19
84 21
8 98
29 12
39 63
88 2
84 79
68 15
46 24
38 16
37 98
5 27
51 23
34 33
23 22
22 47
12 82
27 69
24 10
52 48
81 32
22 66
62 29
94 63
75 76
8 85
39 40
73 71
71 51
31 68
93 75
1 31
13 75
3 44
75 24
16 25
75 17
41 47
68 63
60 72
26 53
15 8
20 33
58 59
26 72
47 19
51 59
28 87
89 79
69 31
83 17
94 93
93 0
19 35
90 20
59 64
2 85
49 38
18 90
25 68
86 64
73 48
60 87
90 72
31 17
96 51
31 3
7 36
40 98
79 70
7 34
13 53
71 8
92 57
40 34
25 84
45 72
79 49
58 12
24 58
59 94
33 49
27 96
72 13
87 71
81 55
6 12
14 33
51 15
63 39
75 28
77 59
70 88
46 41
11 24
2 47
88 41
54 82
31 73
63 66
58 72
11 38
86 13
51 62
5 89
95 18
22 36
38 55
38 84
26 50
32 76
50 69
23 5
73 84
87 31
91 83
19 63
60 41
54 77
78 68
56 44
77 83
47 3
0 9
91 68
85 15
98 94
49 40
34 93
47 56
15 26
17 14
42 33
12 57
39 47
42 0
21 25
32 34
71 1
47 94
78 6
53 70
47 35
91 0
55 83
53 64
34 54
48 36
94 28
1 72
32 20
17 75
28 30
12 96
79 27
34 65
24 69
24 6
51 47
0 44
70 7
77 67
41 28
23 6
68 57
4 97
72 37
32 41
28 13
16 85
47 10
46 76
58 33
6 83
97 64
35 99
72 65
60 58
16 89
45 56
43 16
27 97
47 16
57 74
74 9
30 67
28 17
15 88
57 83
81 8
72 86
88 1
11 20
0 55
50 80
51 41
57 29
47 41
65 99
50 36
4 12
50 75
26 56
82 73
66 24
19 45
57 35
99 60
32 22
28 78
27 7
40 45
22 27
91 90
25 0
1 42
43 37
44 52
6 95
6 39
94 27
21 29
55 63
6 8
19 95
37 93
1 3
8 0
68 80
84 53
19 60
20 58
66 51
91 17
84 9
10 92
95 40
34 76
24 61
32 43
19 34
71 61
87 74
81 22
25 92
4 29
92 24
26 59
16 61
91 3
63 23
82 53
95 97
11 49
52 19
93 92
42 24
19 66
42 31
64 49
85 89
33 65
91 40
55 66
10 76
15 19
81 12
22 9
82 55
64 5
20 77
43 61
80 78
32 21
50 3
83 20
21 22
75 96
50 64
97 82
18 14
4 91
36 32
79 86
1 8
36 71
87 77
22 14
68 22
62 39
26 34
7 77
37 28
17 81
99 70
82 63
83 52
29 85
38 96
18 85
20 30
29 96
84 44
43 76
40 97
10 0
6 16
15 21
31 65
87 36
38 75
59 25
42 47
32 33
80 67
37 2
99 64
46 71
31 98
55 11
30 94
35 13
69 83
39 1
27 8
98 77
71 11
19 79
22 80
79 45
6 7
21 67
56 65
92 44
32 24
9 21
90 6
47 61
29 66
94 20
10 79
68 58
16 18
22 61
41 87
80 32
32 17
89 83
31 62
0 10
1 35
74 27
51 21
39 36
25 64
15 50
17 63
85 1
34 52
96 29
67 19
52 8
57 15
69 86
5 22
2 67
92 40
4 90
88 53
83 77
76 5
90 18
42 27
0 8
15 18
36 86
