8 18
20 31
42 6
44 37
14 47
30 46
16 16
33 38
13 1
20 45
25 38
43 7
3 37
13 14
28 18
7 41
12 9
22 44
44 45
1 40
1 35
27 36
9 15
18 45
38 43
36 43
40 39
43 41
41 34
18 15
5 32
36 37
27 17
28 8
7 25
22 47
11 28
32 6
12 30
0 42
16 38
43 38
23 24
6 22
22 38
30 18
37 45
31 17
10 7
9 39
18 49
31 42
6 35
11 29
0 26
18 3
9 42
9 4
28 29
9 37
30 30
31 12
11 23
35 34
4 26
15 5
31 13
27 4
40 18
29 33
36 38
12 20
17 19
37 36
32 49
16 16
29 15
21 42
20 20
5 35
24 46
24 19
29 19
21 18
45 36
13 20
26 1
24 6
37 35
49 21
36 23
11 16
36 9
17 8
3 19
36 12
27 31
16 46
46 8
43 31
43 17
32 3
14 35
10 48
41 45
41 3
19 25
0 29
15 7
41 28
44 17
9 21
38 21
38 38
39 26
23 26
5 36
26 10
12 39
10 14
22 17
30 46
10 23
31 29
46 37
33 26
27 8
48 24
32 1
26 35
7 42
34 32
46 27
22 45
32 25
29 5
18 33
26 1
22 9
34 10
21 45
36 19
23 3
10 3
39 23
41 28
3 27
9 38
8 19
3 30
32 9
2 39
49 36
17 19
40 9
30 37
34 42
12 25
41 27
25 2
7 21
36 1
23 4
1 41
26 3
26 35
20 37
22 12
32 31
18 17
14 22
43 30
23 5
22 12
41 13
46 20
23 13
9 17
39 19
16 6
9 25
34 42
46 4
29 9
42 11
30 39
17 16
36 32
43 6
25 37
12 32
45 4
31 4
11 46
20 3
15 31
46 3
9 4
28 33
40 2
0 36
49 38
9 41
30 24
5 14
7 13
18 36
24 27
27 11
24 18
12 3
11 15
33 14
34 15
2 49
7 26
49 43
31 16
13 35
3 18
11 45
46 34
42 40
9 43
23 9
22 39
45 42
47 2
18 33
47 38
45 0
34 6
21 6
41 25
42 17
3 40
28 33
23 49
48 30
13 19
36 22
11 12
22 34
35 33
7 2
19 14
18 42
15 9
47 30
4 10
46 9
5 5
30 49
36 2
46 22
16 26
38 1
20 13
21 41
1 40
12 4
8 7
11 34
5 41
17 6
37 0
9 40
7 9
7 45
44 33
38 0
33 24
35 20
24 36
26 19
0 44
23 25
30 37
22 18
38 0
12 42
48 19
25 14
4 29
3 49
30 25
44 15
24 42
39 19
48 24
36 33
5 26
12 9
35 12
1 46
18 45
0 38
7 20
27 31
1 30
42 29
16 20
9 41
43 39
4 36
42 43
2 21
39 6
8 30
20 30
25 13
21 48
36 28
30 7
17 32
27 4
31 36
36 9
46 44
39 1
20 25
15 1
44 23
0 20
41 0
33 6
33 39
32 9
4 17
42 0
7 26
35 43
9 40
35 13
12 9
24 6
35 11
43 3
40 41
29 10
38 6
44 13
48 44
39 23
49 28
16 7
21 8
33 19
25 10
45 43
3 44
21 15
19 44
47 25
39 25
46 17
27 37
11 36
22 13
18 15
35 12
47 36
40 14
15 10
44 2
18 9
42 21
2 35
2 20
1 27
46 6
26 22
5 37
5 3
24 4
4 35
12 32
24 7
41 18
15 36
36 4
25 39
29 42
0 20
46 12
33 25
22 10
40 23
6 27
13 23
16 12
27 42
13 28
49 23
23 8
26 6
35 19
44 20
38 2
11 5
29 33
18 22
37 41
42 28
22 1
33 32
35 4
35 16
15 30
32 7
23 46
44 33
17 5
7 17
49 7
5 24
24 24
49 35
28 2
23 30
23 7
25 25
33 2
30 25
8 41
25 8
49 31
38 27
15 6
29 19
31 5
28 27
41 33
42 7
1 37
42 9
34 43
25 11
21 47
26 26
20 37
17 5
16 14
31 48
49 27
35 6
48 28
26 38
8 22
43 17
38 37
20 17
19 49
27 47
45 49
1 34
14 17
2 2
6 6
25 22
22 21
39 19
4 5
9 22
31 27
22 20
1 27
18 40
10 33
11 31
25 34
12 17
0 20
14 0
11 16
3 5
32 33
47 43
27 27
33 47
11 39
6 40
43 31
45 6
13 42
45 6
26 21
25 19
6 47
14 36
44 19
44 18
37 17
48 39
14 49
6 33
20 11
21 39
20 9
41 36
44 41
47 30
34 49
10 42
42 38
23 21
28 11
27 39
11 37
28 8
36 27
8 47
28 16
39 21
12 14
46 28
22 3
48 29
44 45
9 5
4 46
39 14
12 2
15 49
24 49
22 29
10 26
11 23
36 2
22 27
10 4
29 26
29 22
37 46
16 40
27 7
7 42
7 25
27 11
46 15
22 0
46 40
8 42
42 6
13 33
27 25
27 39
27 44
39 44
19 32
26 23
48 36
16 17
13 19
10 23
25 39
0 45
25 27
18 11
14 9
49 14
16 44
4 37
17 12
19 1
40 36
9 20
14 33
2 23
28 10
34 22
19 26
6 9
25 10
19 24
36 33
1 41
6 8
1 17
27 0
2 17
25 35
21 27
36 29
24 4
45 28
34 22
18 17
11 11
48 1
30 22
27 41
2 32
36 48
46 29
3 43
49 32
14 9
12 30
7 16
32 29
6 5
6 35
38 2
40 23
47 40
32 17
8 12
49 48
33 42
4 12
0 40
37 20
3 3
33 23
49 12
19 34
48 31
5 12
35 26
8 44
2 30
36 18
7 35
7 10
13 1
17 14
20 27
15 46
8 29
2 11
27 11
37 39
43 20
8 35
22 18
19 15
40 48
1 31
6 36
17 0
40 21
30 36
47 31
8 44
4 11
32 20
48 22
10 29
42 39
16 34
47 7
40 1
14 29
33 27
43 29
44 27
44 6
9 49
2 32
8 33
6 27
32 3
49 6
44 27
31 16
22 35
10 29
30 37
22 41
25 13
39 6
36 27
3 9
36 44
16 32
2 21
46 45
1 6
34 0
22 37
35 29
18 31
9 0
40 8
12 44
14 3
27 40
1 16
31 4
20 17
43 21
32 9
4 41
11 34
9 7
10 36
45 29
41 40
40 26
38 44
11 44
5 19
12 44
22 34
11 17
13 44
35 16
4 38
2 34
4 36
47 36
21 41
15 1
39 46
22 13
27 22
44 26
41 21
41 9
46 37
39 8
40 10
31 7
35 16
47 27
27 36
25 19
13 12
35 0
3 12
5 18
14 21
17 12
13 12
1 13
9 19
47 42
14 25
20 34
24 39
1 25
3 26
17 13
46 35
47 1
48 24
22 32
37 2
37 29
35 31
14 31
2 46
3 45
21 22
29 46
28 47
11 10
35 13
42 8
35 2
30 15
43 48
8 27
20 11
21 4
45 8
22 29
22 38
35 6
12 38
45 4
2 48
38 1
45 14
13 12
38 47
36 18
0 27
2 32
28 11
5 24
23 30
8 21
40 45
11 16
6 27
42 14
44 31
2 43
15 6
9 32
43 35
1 45
44 9
30 38
23 24
19 46
16 14
28 5
48 44
4 16
34 37
47 10
32 39
42 39
4 5
12 46
17 49
44 48
32 8
1 31
41 30
40 43
44 18
6 40
17 25
41 41
27 31
30 11
27 39
23 5
41 16
38 6
13 35
29 24
21 30
1 26
16 18
36 27
28 17
46 36
4 22
36 0
12 18
30 19
48 14
22 34
13 42
46 38
39 25
28 36
29 30
24 22
40 45
15 7
4 16
45 37
30 44
45 2
7 41
44 3
38 14
36 8
12 8
16 3
10 34
37 14
29 34
3 42
15 15
48 33
2 40
13 45
32 16
36 20
5 9
22 28
48 40
9 40
49 5
21 9
44 25
37 19
30 31
4 44
44 0
22 13
20 37
37 46
46 15
13 11
4 48
47 32
39 15
47 20
37 9
16 39
19 10
25 16
11 45
19 14
36 12
35 48
20 14
20 20
39 36
29 33
23 49
19 19
45 30
27 7
24 22
47 30
46 32
17 13
22 30
14 2
2 45
33 42
0 41
10 43
14 1
8 47
17 3
39 11
19 14
46 42
28 20
3 27
7 36
15 8
4 5
6 30
39 8
34 20
33 30
6 39
35 2
44 46
0 10
22 10
38 14
8 19
5 39
11 26
28 40
36 43
16 0
9 21
10 19
43 27
44 47
33 30
12 42
1 41
24 11
33 28
24 21
24 44
26 13
40 10
23 16
35 49
48 44
40 49
19 5
9 9
16 22
5 9
31 3
44 15
38 20
39 30
19 40
34 11
32 6
8 34
16 22
44 46
15 13
25 42
7 25
3 34
26 40
42 31
47 28
12 35
45 8
23 20
22 42
24 45
8 14
25 15
37 33
29 6
15 18
31 38
10 22
4 18
41 41
2 24
4 3
42 29
25 11
3 23
49 21
35 42
1 44
24 11
7 15
7 11
16 12
0 9
11 25
22 12
15 24
44 10
38 48
9 24
5 24
42 23
12 6
34 1
30 0
40 29
42 47
29 25
33 49
43 1
13 5
31 18
38 0
7 36
21 20
41 31
30 3
10 5
45 2
23 37
2 20
40 1
46 49
21 38
15 34
47 36
38 27
0 13
1 15
13 5
9 26
42 27
47 44
39 24
47 37
22 21
13 10
16 6
27 39
11 40
42 34
18 21
45 1
21 24
14 44
41 25
34 2
44 12
48 41
2 13
49 6
9 42
43 14
24 47
2 17
33 40
28 45
9 8
14 46
38 36
9 24
5 49
39 11
29 15
0 48
0 15
30 19
16 15
38 8
42 37
46 32
49 1
24 34
29 45
23 8
45 21
1 26
16 18
3 47
2 23
32 44
31 8
35 33
0 19
21 43
42 20
3 18
11 40
24 47
13 45
36 12
5 5
35 16
11 4
36 12
9 23
31 4
28 35
44 28
27 31
36 40
17 36
8 24
2 8
8 31
2 26
18 21
37 44
8 44
30 24
33 24
0 26
1 21
6 13
40 30
49 49
30 33
14 28
35 3
6 39
12 16
19 28
43 25
33 24
3 36
23 20
25 6
26 0
43 20
14 49
48 29
47 11
27 10
13 17
33 45
11 0
0 47
0 33
12 45
15 46
7 6
39 11
14 1
19 13
22 27
49 14
47 24
39 32
8 5
21 38
35 33
40 25
45 6
6 24
35 34
8 37
8 34
11 21
33 45
36 7
26 23
41 14
35 4
29 17
10 46
17 19
36 26
32 43
33 12
29 36
26 37
13 38
19 9
41 20
39 39
18 33
32 1
40 36
16 27
10 44
12 7
24 5
21 33
18 4
23 7
11 26
10 14
48 35
14 31
14 22
22 42
16 49
28 13
21 1
43 7
6 0
12 35
1 32
39 19
32 20
47 17
23 26
9 14
33 33
14 1
13 48
45 18
2 13
36 38
8 34
14 40
39 42
23 25
5 7
35 21
20 41
4 40
49 40
13 31
4 4
36 9
11 23
26 43
32 28
30 7
21 30
13 24
6 1
4 36
42 10
48 32
31 2
3 49
11 42
42 26
36 23
43 2
5 44
19 25
38 0
18 42
43 49
46 33
22 1
31 33
38 39
3 5
18 45
19 23
19 40
13 41
22 21
27 2
16 38
40 26
34 19
12 46
17 15
14 25
41 8
0 39
23 0
13 41
4 18
20 9
21 43
8 19
4 21
5 26
34 39
1 8
12 42
45 18
2 16
5 36
39 39
10 15
4 36
28 29
5 40
9 49
23 46
42 40
28 18
23 19
24 23
29 9
32 22
43 16
9 30
2 41
23 15
5 8
24 28
48 49
37 28
8 42
49 7
13 5
13 49
20 38
29 34
21 34
13 29
22 30
20 39
35 43
16 10
46 30
7 11
30 13
26 2
23 25
10 18
39 45
42 36
7 4
35 33
33 23
24 43
2 37
15 3
37 16
21 17
20 48
25 16
36 28
25 9
48 4
13 27
47 38
46 9
45 33
49 46
11 5
28 16
47 23
21 40
12 9
21 36
0 9
31 49
19 29
9 20
42 18
45 43
25 9
31 8
24 26
27 10
12 11
24 48
30 20
37 27
24 47
42 48
27 0
20 33
28 33
13 3
24 1
44 46
14 37
1 8
9 31
37 9
37 28
6 0
30 22
12 16
37 9
32 12
48 23
41 8
44 30
6 42
42 8
47 30
0 31
27 49
48 3
15 39
39 40
39 7
35 13
33 32
1 35
22 1
44 9
11 35
21 5
27 44
34 14
16 16
49 32
42 20
22 3
33 18
38 33
23 10
31 22
34 41
29 36
0 7
1 27
24 36
25 40
15 0
18 12
20 27
11 41
14 14
15 39
4 13
41 38
20 35
43 45
44 27
6 17
43 35
16 26
33 5
45 43
32 37
7 8
31 47
9 6
7 37
7 41
20 32
3 25
28 34
43 40
33 47
8 6
14 27
40 42
14 46
26 42
3 17
5 32
24 25
1 1
23 40
3 36
21 24
4 5
10 33
20 46
16 30
0 34
24 22
39 1
36 25
5 36
1 13
20 21
23 32
31 41
40 4
32 21
13 5
12 41
4 20
29 39
39 12
7 28
10 9
0 20
19 7
33 33
17 22
29 40
21 44
26 42
34 3
5 21
21 33
33 19
46 0
3 19
8 39
7 33
0 26
4 10
28 34
15 2
19 44
39 29
10 39
19 15
17 46
14 26
14 7
4 31
40 32
32 35
5 14
30 20
11 8
0 0
35 25
49 0
42 45
12 1
49 22
3 33
7 26
1 29
32 34
26 48
3 6
29 27
6 8
24 9
23 12
45 35
4 43
36 33
17 8
7 17
20 9
22 10
46 49
20 1
15 41
3 32
35 13
37 43
43 41
48 31
1 26
45 34
15 1
8 38
40 28
2 41
31 28
7 28
30 20
22 33
44 46
7 27
41 15
8 11
23 47
25 46
21 36
3 40
34 40
49 2
42 41
23 44
20 22
26 18
11 10
6 31
21 15
33 5
11 11
39 35
22 43
13 49
19 30
48 44
32 4
35 49
9 10
32 8
8 3
28 21
25 34
33 17
43 26
15 0
35 17
36 20
5 30
6 40
40 47
42 9
25 39
44 13
30 23
11 2
4 48
12 29
14 27
37 48
9 35
28 26
0 42
40 6
24 17
35 11
24 23
47 1
4 12
0 19
19 21
6 17
3 15
38 11
3 28
46 39
40 39
45 7
41 38
44 19
16 2
35 3
34 35
34 48
13 42
3 7
32 19
23 31
7 19
0 35
44 1
25 29
17 5
13 5
46 22
33 24
37 21
47 8
29 44
23 28
15 21
14 3
18 7
34 31
9 47
49 9
39 4
22 4
25 43
25 23
26 46
14 30
34 49
15 44
20 40
18 47
18 25
42 3
27 10
25 8
27 3
17 9
34 9
46 18
46 22
47 3
30 46
15 20
19 1
18 8
8 12
30 34
31 46
42 14
21 7
32 43
17 2
14 19
9 10
28 48
42 3
20 47
39 38
30 18
12 31
19 3
2 35
11 45
10 19
25 26
1 42
13 23
21 24
12 47
40 12
27 5
1 23
48 21
39 23
0 23
24 14
15 18
21 4
21 30
21 29
34 4
43 44
17 46
49 49
42 46
35 10
33 28
30 1
44 12
34 23
7 15
15 0
37 23
43 16
21 33
37 37
44 19
16 19
12 9
5 1
40 16
17 41
7 20
39 39
44 34
40 25
17 47
17 40
19 47
45 43
17 31
42 19
22 0
0 17
8 37
37 42
21 19
0 34
46 30
10 43
23 17
46 6
48 31
14 10
21 40
29 38
35 5
49 43
35 14
5 32
33 14
41 43
24 25
20 9
17 24
5 24
11 4
18 23
43 30
40 8
45 23
0 13
43 41
45 12
48 14
35 28
39 13
38 24
41 27
30 35
37 38
39 11
31 17
44 47
40 7
31 34
35 23
33 40
35 34
26 34
6 18
42 22
41 48
5 19
42 9
27 8
24 4
47 37
5 20
31 4
22 11
28 34
7 43
18 31
23 27
39 49
20 26
46 26
30 42
20 1
4 8
6 32
9 20
39 11
22 39
6 7
17 11
6 34
8 16
21 8
34 8
1 24
24 9
11 43
48 20
2 39
24 21
41 9
39 46
23 12
30 18
19 25
10 32
48 43
35 24
4 16
37 10
30 18
7 3
12 3
41 5
12 33
35 23
23 6
25 46
8 44
12 15
48 41
48 46
16 47
39 40
7 20
43 35
21 19
25 36
26 10
38 26
22 11
20 37
44 49
19 10
14 14
35 9
0 9
22 6
32 42
18 24
22 10
11 18
27 22
30 5
33 2
12 34
11 13
19 9
29 12
24 25
33 0
23 10
13 26
40 31
20 28
43 29
11 48
28 38
27 45
5 25
36 42
24 32
11 27
20 12
7 20
31 39
25 7
22 43
6 31
23 45
39 14
38 11
36 12
25 4
22 47
31 33
10 37
15 37
9 47
28 25
38 24
1 38
9 12
42 2
7 29
30 0
13 10
42 17
12 36
40 8
7 34
28 30
1 22
24 48
28 4
42 46
29 29
31 47
30 13
18 47
10 38
22 20
33 6
39 8
18 36
1 49
34 29
7 3
11 29
38 13
17 23
9 47
21 26
27 14
37 44
40 17
43 33
44 20
13 47
31 26
20 39
27 35
17 41
43 35
1 42
17 22
3 49
27 43
43 42
36 36
25 4
7 27
19 15
6 5
29 49
32 14
16 10
29 12
4 15
34 6
32 14
40 23
1 48
31 41
37 5
9 0
28 23
14 43
15 36
16 23
44 27
22 13
26 0
30 36
1 12
13 19
14 25
35 33
3 29
11 46
18 11
0 0
41 0
26 49
41 36
42 32
9 19
23 38
3 39
4 17
46 47
17 25
37 23
35 22
41 3
3 5
34 22
29 5
32 4
33 43
6 12
2 44
15 16
3 16
12 26
22 28
28 8
21 20
11 12
10 19
2 46
19 18
33 16
35 37
28 23
10 31
33 22
1 47
10 20
46 22
1 31
25 22
12 33
49 15
30 4
21 38
13 43
36 1
1 3
16 3
12 13
17 18
23 38
49 2
12 25
5 21
10 46
1 30
47 32
9 12
16 37
34 29
46 33
39 6
21 48
11 27
32 17
38 14
10 7
30 8
30 38
4 36
19 19
8 29
22 33
45 14
9 34
33 9
5 32
4 5
8 21
19 48
10 23
16 40
41 7
43 12
20 18
2 47
5 45
13 21
20 24
21 10
24 20
7 26
20 44
42 2
48 1
29 13
49 22
46 10
25 49
20 32
35 30
34 32
2 11
36 34
37 15
28 10
42 36
49 18
32 10
45 1
46 42
17 27
38 29
25 33
26 49
40 37
42 4
44 17
32 23
16 2
37 5
43 42
38 46
36 34
28 47
48 1
12 20
20 14
45 35
27 7
34 47
4 19
35 24
48 5
25 30
6 10
1 43
49 35
37 15
36 1
23 34
8 12
12 46
24 21
14 37
28 36
43 41
27 46
41 47
12 21
24 8
18 49
31 17
48 45
22 27
32 43
29 25
8 17
43 43
8 49
37 10
19 10
45 28
45 24
31 47
46 43
28 40
46 23
29 27
23 0
20 38
25 35
47 16
19 28
25 31
44 10
3 38
3 46
0 35
8 3
36 48
27 45
21 37
33 22
8 41
13 25
32 42
17 11
26 39
24 9
28 43
1 16
36 4
27 24
10 33
45 16
22 11
32 0
3 7
14 29
1 41
40 27
9 18
27 38
39 5
16 27
34 48
33 12
47 36
24 48
37 24
45 38
42 1
34 36
47 6
46 45
25 41
19 33
39 36
32 34
27 44
10 8
35 45
26 19
14 6
44 40
33 18
43 16
15 19
3 11
26 6
15 10
14 49
22 35
30 6
24 11
8 17
27 18
26 7
47 29
25 16
2 4
7 5
16 24
18 27
26 2
48 45
13 28
7 43
45 18
0 12
42 45
44 49
46 37
21 49
12 8
18 11
0 34
2 15
40 29
30 49
36 23
12 17
31 13
31 45
27 24
1 22
8 43
16 8
36 0
14 35
31 1
47 33
26 39
37 49
5 18
15 5
29 17
20 9
5 13
43 3
10 26
9 40
6 40
8 37
11 47
5 14
20 2
29 2
42 40
43 9
46 49
12 11
26 4
20 12
6 27
15 46
28 29
43 20
32 21
42 20
7 13
1 39
17 7
21 32
33 39
19 37
22 9
23 49
32 17
23 38
32 15
41 14
24 22
43 4
42 1
33 7
26 17
2 47
2 2
20 11
35 39
33 27
15 25
38 48
16 6
44 36
0 48
33 45
49 36
19 23
16 31
30 37
23 8
13 37
38 9
43 7
46 19
2 4
28 12
5 21
8 18
25 9
10 48
19 32
9 21
22 38
17 11
44 20
33 6
31 14
0 6
6 17
32 35
43 32
34 14
23 41
27 19
3 13
24 18
37 16
8 17
41 45
21 30
29 9
21 29
21 39
5 6
48 29
28 27
15 33
45 31
45 0
47 42
16 45
23 11
0 47
15 9
48 11
26 16
18 42
49 12
26 13
9 4
49 31
20 14
22 21
36 4
18 2
29 49
24 3
45 48
36 16
38 32
12 40
37 10
27 35
49 39
11 24
45 3
45 23
1 1
49 44
37 46
43 14
29 22
47 19
44 49
18 46
32 12
17 21
41 19
36 2
25 5
3 3
35 12
14 10
47 27
13 13
22 17
42 7
46 19
10 28
17 15
40 49
32 28
38 41
11 39
27 28
36 15
2 34
8 9
10 15
18 27
6 29
7 10
14 39
12 47
5 44
13 16
46 47
23 11
12 30
3 5
15 32
24 36
14 29
0 13
24 37
16 15
8 36
33 29
19 11
36 44
2 39
4 22
33 1
23 47
2 48
4 38
26 25
8 43
48 10
49 16
48 6
14 30
5 30
21 25
7 41
12 15
33 27
24 9
22 5
24 4
2 41
1 46
9 21
27 42
24 40
28 5
48 24
13 42
21 31
38 32
49 20
6 39
37 20
10 45
7 14
21 36
21 38
28 35
36 28
10 28
40 16
10 29
15 20
19 24
21 9
3 15
40 24
26 10
48 29
12 27
26 11
33 29
33 2
38 45
44 9
43 47
30 2
11 11
15 6
35 49
3 22
42 21
24 19
42 23
36 42
47 8
45 5
48 35
5 28
37 18
13 18
45 12
39 11
47 2
32 36
10 1
0 0
9 15
27 35
40 42
4 31
11 45
42 6
42 29
7 45
17 34
33 2
43 46
28 4
15 24
17 2
28 39
41 26
14 31
40 1
9 28
9 7
26 41
15 2
16 7
16 48
36 40
11 41
14 3
38 24
27 36
38 39
45 34
16 39
19 15
1 41
35 26
20 35
27 30
8 26
8 8
7 15
44 6
39 23
43 13
40 24
37 15
20 17
4 12
12 38
15 2
25 5
47 37
34 38
49 8
21 0
4 10
34 26
42 14
30 30
6 30
24 2
21 31
19 40
2 3
41 2
34 46
45 4
18 28
37 12
7 15
36 49
0 45
4 18
3 29
12 33
24 14
45 5
38 12
45 26
48 22
35 41
37 47
12 25
32 39
11 35
42 39
6 21
24 30
26 38
39 45
39 23
28 47
9 39
31 38
5 33
31 42
12 15
1 28
47 1
29 9
42 41
11 32
0 20
22 3
13 27
47 33
46 6
34 30
8 45
0 2
42 49
35 15
29 22
31 1
26 35
10 19
42 28
27 43
7 13
24 9
23 41
1 30
20 33
48 19
12 24
44 45
11 49
11 43
23 41
48 20
49 5
24 4
8 0
2 22
43 4
0 29
11 17
6 33
5 12
30 28
32 3
41 21
36 40
5 44
24 7
37 20
39 45
33 32
2 23
24 15
30 36
12 42
25 9
20 21
0 35
15 47
16 1
2 33
12 5
12 23
32 45
7 46
21 45
48 20
12 21
26 5
47 1
25 24
17 33
17 26
32 49
17 38
42 5
39 43
23 12
0 40
9 15
49 36
32 5
49 29
45 5
45 43
1 35
42 40
46 8
2 17
27 11
22 30
32 20
25 33
13 45
7 0
0 41
20 10
24 38
24 10
20 34
13 9
40 2
20 9
41 44
45 20
5 23
26 18
40 36
20 18
9 34
33 9
45 8
25 28
34 18
8 19
29 20
23 18
20 0
49 18
21 12
4 22
45 20
36 41
29 24
5 22
40 12
8 15
32 38
0 36
20 47
29 7
7 36
19 32
17 2
49 47
16 40
14 28
30 24
12 38
24 11
17 41
14 38
35 28
35 13
16 26
5 24
34 47
29 46
42 49
38 44
11 30
9 12
24 32
9 3
29 25
44 18
45 3
1 21
22 46
42 3
46 40
11 43
24 32
32 24
44 24
3 12
34 20
47 0
8 5
33 39
15 11
44 42
41 9
38 49
14 20
3 44
19 21
40 30
12 44
4 27
19 44
22 13
25 35
5 33
23 20
49 15
28 5
17 15
12 18
30 4
10 15
25 43
19 45
13 36
10 18
22 29
17 23
4 6
47 1
7 19
40 23
6 7
2 21
1 36
25 22
18 17
24 37
3 14
46 6
6 36
4 18
4 11
25 11
9 21
33 17
23 33
11 26
43 10
47 33
25 7
46 12
16 1
21 6
36 27
26 34
23 46
13 35
39 41
33 31
42 34
20 47
44 48
20 7
36 36
33 30
18 8
42 49
37 7
31 23
12 40
17 26
46 47
2 17
5 4
15 3
25 33
36 43
38 0
1 15
5 16
18 3
21 7
40 31
20 44
46 38
43 37
5 5
48 31
41 4
28 15
28 35
2 39
29 33
30 7
6 15
38 4
25 46
0 36
14 24
6 2
43 22
23 14
39 17
29 48
45 37
16 16
39 15
37 5
27 24
30 14
39 17
45 47
40 20
6 28
43 27
12 36
14 32
32 14
2 40
17 18
17 1
44 6
17 6
0 33
18 5
47 31
4 35
1 27
23 45
8 20
34 31
10 28
4 37
17 27
10 17
47 18
3 41
7 23
9 21
6 7
13 16
24 7
15 15
3 8
4 17
33 11
2 40
12 17
48 23
21 15
6 36
25 21
7 26
26 18
43 39
23 2
13 18
20 18
16 18
48 43
45 19
39 38
41 28
5 27
11 39
24 7
28 18
20 12
33 39
44 22
16 22
42 13
24 25
11 49
7 10
13 0
17 34
32 22
45 38
5 36
9 49
14 6
12 47
42 25
7 25
39 33
0 39
11 24
27 47
4 38
1 33
9 29
42 44
21 49
47 34
23 22
9 1
35 21
49 33
40 15
4 9
36 17
7 5
44 41
48 32
38 35
46 48
19 15
41 27
14 14
26 8
27 23
13 45
32 26
23 20
27 43
20 14
12 48
23 41
16 20
23 43
30 48
33 13
29 0
13 2
26 39
42 43
31 46
32 25
8 39
13 28
20 14
19 24
41 27
24 16
6 23
21 28
36 46
19 11
34 15
17 3
26 36
10 15
37 7
29 0
39 26
14 19
32 49
4 33
16 20
11 0
32 3
41 43
29 0
13 4
6 30
31 18
2 0
31 3
12 22
47 7
36 19
27 42
35 38
29 9
21 0
11 35
12 25
31 25
2 11
29 43
19 18
22 12
40 15
38 24
24 11
14 4
30 21
36 1
39 42
11 2
19 49
45 11
10 18
30 15
34 11
36 44
28 1
30 12
22 40
43 34
5 41
23 47
47 13
48 5
0 1
9 4
19 15
18 31
5 10
35 34
21 27
15 9
11 30
27 3
42 14
30 17
44 9
13 37
11 2
14 15
4 17
44 44
11 42
10 17
0 8
20 46
18 34
38 5
21 15
20 46
14 0
11 15
43 24
40 12
43 25
36 41
4 17
16 44
46 20
10 37
6 15
36 32
15 17
39 9
48 10
15 39
25 10
10 13
4 10
44 40
0 20
15 40
35 42
14 34
24 16
15 5
24 14
36 27
21 27
23 24
47 0
43 14
11 3
25 8
2 14
26 28
44 21
48 28
39 24
11 49
24 21
13 15
19 35
1 9
29 3
15 20
38 17
30 15
32 36
34 9
1 38
39 33
21 8
0 31
7 21
24 11
35 19
37 23
41 42
28 17
15 47
32 1
11 12
31 42
36 0
3 5
25 24
48 44
25 44
25 42
5 25
28 8
23 21
10 21
4 9
43 29
34 4
40 17
40 26
31 1
6 19
11 1
43 4
33 7
12 37
33 33
36 18
1 25
43 24
42 6
35 8
49 26
4 36
12 24
5 37
31 3
4 16
47 40
47 8
27 37
30 38
9 33
16 20
0 11
18 2
20 38
43 32
41 49
37 30
17 47
5 29
23 16
41 28
9 48
48 32
25 49
37 11
49 29
36 29
18 37
14 47
25 19
8 25
41 24
14 17
19 4
3 32
45 5
29 37
3 2
15 11
32 21
29 46
37 36
38 38
31 42
13 16
27 36
30 10
27 46
3 17
8 31
2 48
18 8
1 34
18 15
0 48
38 4
8 47
24 20
5 37
12 38
38 18
25 0
23 1
35 25
38 49
24 9
9 11
29 14
4 4
13 25
17 4
29 32
46 6
24 45
27 44
46 47
26 8
14 28
21 21
2 33
37 18
1 13
7 25
43 28
46 12
16 16
27 30
22 4
18 9
20 42
45 34
16 32
28 25
17 2
49 47
29 43
28 8
45 6
22 11
12 26
30 14
15 32
43 7
19 30
8 15
37 36
12 39
14 32
23 24
36 15
11 6
20 32
8 30
7 1
23 16
26 9
47 10
14 38
17 42
4 4
35 43
27 49
44 0
22 15
35 47
40 37
18 25
47 31
18 24
4 29
10 49
48 30
19 23
24 12
47 9
35 36
34 28
15 3
4 35
8 20
15 44
3 19
33 38
27 31
3 3
37 9
11 7
21 8
49 27
17 4
26 36
28 41
32 33
13 37
34 43
20 1
40 20
12 31
17 4
49 16
1 22
41 33
30 39
13 29
14 44
47 30
12 11
4 49
12 3
42 8
24 12
33 39
26 1
17 44
48 10
6 35
32 18
39 9
49 45
5 12
37 6
21 13
1 27
40 0
8 11
42 22
21 5
40 23
9 20
4 20
10 13
24 29
46 36
8 28
35 43
35 28
28 33
32 38
37 30
13 19
15 42
7 41
10 2
10 16
35 5
2 17
14 46
26 42
2 17
45 19
10 4
29 28
24 37
9 2
40 10
43 48
5 27
37 9
41 2
2 24
10 36
48 31
3 9
9 20
2 37
28 5
15 19
49 42
38 46
1 25
10 46
16 49
35 28
41 39
40 48
32 1
36 37
28 49
34 37
31 22
41 22
25 3
32 7
12 39
43 47
31 35
21 48
19 10
8 20
41 45
23 5
35 5
48 4
10 19
47 31
7 10
48 48
49 24
38 36
39 17
5 8
32 27
3 14
20 13
36 5
39 46
43 23
3 1
36 45
43 7
41 17
46 31
36 34
3 30
33 14
5 25
30 41
33 23
46 27
36 29
39 43
44 43
40 24
23 19
40 40
48 45
31 3
43 16
29 5
5 18
49 7
33 36
11 45
46 5
5 46
9 43
6 45
15 45
17 10
39 36
11 9
44 45
16 31
11 44
6 19
18 18
40 4
8 31
33 48
19 5
22 3
28 40
4 42
19 38
27 48
6 35
22 34
28 43
49 33
19 45
33 27
0 13
22 26
21 24
31 19
45 17
49 16
42 22
8 10
30 21
1 1
19 36
33 0
23 46
33 26
26 47
37 9
11 27
25 28
1 30
1 6
45 21
29 39
34 10
7 0
11 41
19 25
18 42
35 41
16 8
35 14
43 13
44 47
30 19
37 45
31 10
19 25
40 47
11 25
48 10
33 39
31 23
40 35
12 45
13 1
16 23
29 41
23 3
37 49
21 34
46 36
44 0
49 4
26 25
3 21
30 28
24 6
38 37
19 27
32 36
14 17
13 29
18 37
41 1
5 30
38 10
16 44
6 46
25 27
38 6
18 36
28 24
45 46
1 11
48 47
33 38
35 45
47 3
12 20
35 6
48 32
47 47
18 14
38 10
31 43
8 28
13 24
26 44
28 13
45 28
9 3
0 26
32 48
4 49
34 26
35 45
38 31
26 13
45 44
28 35
49 36
13 30
16 0
34 12
20 9
23 46
39 14
1 45
24 27
19 34
25 35
30 35
42 43
8 48
24 5
48 23
44 31
48 17
6 36
4 29
3 44
41 23
16 6
30 49
30 32
23 43
30 45
15 32
10 3
17 9
1 40
24 12
20 2
44 31
1 25
43 36
5 20
39 25
25 49
21 33
35 30
43 21
43 15
39 19
24 19
27 34
0 1
10 44
16 35
40 5
10 48
1 29
29 4
22 30
31 47
35 8
5 37
21 16
0 30
48 2
45 45
5 4
35 26
6 25
20 9
5 48
3 10
43 7
1 45
6 49
45 44
40 25
6 36
17 18
0 6
21 22
24 0
42 42
0 3
48 23
46 7
10 24
28 30
38 16
18 13
39 24
36 5
9 12
17 15
38 3
47 35
24 39
26 13
30 22
41 11
11 11
18 44
33 33
39 7
5 46
13 37
22 37
28 4
49 28
18 17
32 31
38 31
23 46
28 7
36 10
44 38
42 47
21 28
24 41
29 15
47 46
43 35
21 16
11 42
20 4
0 46
40 30
19 31
25 6
36 41
18 14
39 29
24 4
33 2
10 15
22 34
32 25
22 12
39 23
23 2
22 49
30 5
27 40
19 19
42 43
20 2
20 28
23 6
26 32
38 46
24 14
16 33
41 33
8 29
31 9
36 20
1 9
31 20
4 35
18 1
21 6
37 43
3 32
9 9
24 27
12 16
31 5
25 41
10 29
1 7
4 46
37 7
23 18
14 2
33 8
17 20
31 24
23 43
17 7
34 8
2 14
34 17
7 45
30 29
8 44
37 44
18 18
46 42
44 29
22 1
2 16
44 4
13 49
26 23
20 24
37 6
9 11
4 38
24 36
34 30
16 16
3 38
1 4
43 41
40 44
31 35
6 47
20 24
33 44
38 40
38 10
3 3
30 15
15 18
37 47
16 6
47 24
47 21
9 25
26 36
14 1
17 21
42 42
18 6
14 40
23 34
38 26
35 35
13 12
25 45
31 2
43 24
11 11
24 19
38 21
6 49
43 44
8 34
15 42
23 10
45 45
26 41
49 18
42 16
25 46
46 18
41 16
18 42
33 42
46 36
8 36
42 49
26 39
39 19
39 45
2 25
33 0
10 6
12 45
30 48
44 13
39 19
1 37
0 22
20 21
25 48
44 29
2 5
1 17
12 10
41 8
24 38
6 2
41 6
30 0
28 19
38 21
36 20
23 42
11 40
29 30
10 29
3 31
9 38
6 45
37 9
14 7
36 10
9 22
17 26
44 28
35 18
34 3
4 40
6 45
31 27
4 39
42 28
24 16
17 6
30 11
3 26
39 36
11 18
18 6
8 20
49 23
39 8
8 29
27 33
12 28
23 29
29 47
27 9
15 45
38 5
40 0
40 10
5 42
19 31
8 39
4 42
38 13
40 49
46 24
42 8
43 49
41 48
30 3
12 20
40 32
43 40
33 45
47 18
11 5
14 39
10 19
34 40
14 35
49 7
1 12
18 17
33 22
42 0
19 11
43 24
46 31
40 22
34 5
29 18
17 26
0 40
35 4
33 15
30 49
18 31
13 11
33 40
6 40
14 0
36 7
1 33
6 7
8 40
19 39
21 20
42 12
6 30
20 8
27 9
34 43
23 17
24 26
2 33
24 32
49 18
1 35
47 47
22 18
11 5
48 28
34 29
4 0
17 20
18 19
16 22
35 39
15 48
4 18
5 39
14 28
25 31
12 49
26 32
0 26
48 3
18 8
39 16
27 0
4 37
46 20
45 15
8 42
4 28
19 6
30 6
20 29
39 10
19 12
22 27
34 39
9 40
27 15
19 30
38 27
39 44
44 3
10 42
34 1
24 38
20 39
19 32
9 12
45 8
43 38
30 16
0 1
10 14
40 13
41 38
43 47
48 18
41 28
37 20
17 27
38 11
0 19
39 42
1 32
29 4
31 10
23 44
23 13
46 41
28 40
3 18
20 3
49 41
46 26
27 36
7 8
2 27
43 43
25 49
35 8
9 42
37 47
17 49
40 24
36 7
31 9
4 0
43 7
49 39
29 48
15 44
0 37
22 27
15 36
42 48
17 27
28 29
42 14
3 32
5 12
23 32
5 29
2 36
16 23
41 4
8 41
24 45
5 44
48 11
38 30
1 13
11 40
3 27
29 21
43 33
9 24
30 28
22 13
29 42
5 32
11 31
49 45
32 27
25 9
9 33
39 33
20 8
27 25
16 32
8 33
5 18
14 35
0 3
15 44
47 17
18 28
17 5
13 18
9 34
38 5
25 15
41 10
16 2
46 49
3 17
20 2
21 3
39 14
26 46
34 10
0 45
48 40
23 5
21 31
18 15
47 16
4 33
15 40
40 22
13 11
15 33
2 1
13 36
41 45
14 46
1 3
34 39
43 40
38 44
22 22
44 16
15 37
49 25
33 23
27 20
33 37
43 25
1 9
16 33
13 46
10 25
5 35
31 22
23 25
33 3
7 46
24 14
33 49
25 39
43 41
19 2
49 15
19 40
23 34
18 25
8 45
40 48
33 42
45 6
4 21
8 20
24 30
44 2
33 38
12 35
18 19
28 41
13 26
33 4
39 36
0 22
5 21
34 9
0 48
10 1
19 14
45 38
49 45
34 27
49 23
44 12
33 4
23 18
42 31
19 19
22 43
26 7
26 15
27 21
40 35
40 49
1 26
35 4
6 18
21 13
6 46
26 10
8 41
27 25
21 24
35 15
0 19
47 20
0 19
42 33
32 9
3 42
25 34
27 14
47 48
40 41
1 35
25 26
35 12
36 48
23 42
47 44
47 5
4 33
45 1
34 25
35 33
44 26
44 44
9 0
38 47
16 45
42 35
2 39
18 35
1 32
5 40
36 41
7 16
3 45
36 27
44 10
26 11
25 25
32 25
28 35
29 28
22 11
2 22
44 18
42 49
15 12
14 48
5 46
14 9
29 35
11 36
4 26
38 0
26 21
22 46
20 8
45 45
22 19
0 14
44 30
10 30
11 8
0 11
16 32
30 0
20 24
12 15
17 6
28 14
43 3
33 48
8 18
40 4
16 40
20 5
7 39
26 8
12 26
20 2
16 4
14 26
45 19
5 48
2 37
48 26
12 18
15 31
34 1
40 34
45 44
44 1
17 48
19 37
48 25
3 36
10 38
8 7
43 37
12 48
29 28
4 27
9 14
49 4
13 8
49 8
18 11
24 31
32 9
30 34
26 18
28 44
14 21
48 11
45 1
27 46
41 16
3 9
47 38
26 0
47 33
0 0
2 7
23 20
40 47
9 2
3 10
47 16
46 9
20 14
46 44
18 21
22 39
39 21
3 17
19 46
20 24
19 31
21 18
19 24
30 22
17 34
23 32
34 26
47 48
21 14
19 31
3 42
33 0
12 47
26 13
44 39
18 18
49 37
44 12
49 21
16 25
11 16
25 14
21 46
37 40
15 44
9 14
6 38
8 13
42 43
23 35
35 27
42 0
20 1
36 39
47 10
28 13
23 10
11 13
29 14
49 27
34 40
17 15
11 1
3 33
22 3
37 4
14 35
0 38
21 46
35 2
43 43
29 27
5 18
24 49
29 40
1 26
11 4
39 44
28 38
1 11
20 31
14 7
9 36
42 38
38 18
8 7
28 42
36 25
26 14
0 26
8 27
33 29
29 7
1 24
6 34
40 15
36 23
45 22
2 10
7 18
13 10
8 17
2 20
28 5
41 39
6 5
7 37
45 49
45 46
20 7
49 37
18 23
27 32
32 34
2 49
18 19
7 43
12 7
5 43
18 7
20 38
30 21
19 23
22 11
18 4
26 19
23 23
39 21
3 23
7 44
8 9
15 5
29 29
36 7
45 4
9 44
21 16
28 0
47 4
21 2
41 37
19 43
43 26
22 38
15 14
4 4
36 45
29 18
22 17
17 3
10 49
3 1
45 37
19 37
0 19
6 43
28 0
1 43
30 42
20 14
25 0
4 21
48 34
16 16
17 19
15 22
30 38
27 42
28 26
19 32
36 25
40 1
43 33
19 29
10 26
2 31
49 49
17 26
20 41
47 28
6 34
34 1
19 3
42 31
45 36
33 18
37 39
26 15
11 41
49 11
36 31
32 34
5 8
47 18
38 41
30 5
38 15
32 23
19 29
26 19
40 5
41 20
18 34
22 7
31 35
41 5
44 37
31 43
4 33
20 17
14 10
5 20
26 29
37 20
30 22
9 8
46 6
39 33
35 18
12 14
12 13
13 46
27 15
19 28
18 39
44 39
4 15
9 41
11 14
43 3
26 37
15 31
26 20
13 38
41 26
34 30
11 7
27 29
27 39
48 24
0 25
39 17
8 13
21 28
41 14
1 22
49 42
37 15
2 46
13 4
40 21
41 15
47 32
30 33
16 4
2 4
23 4
8 13
19 36
23 15
2 14
23 37
29 37
40 37
5 6
9 2
40 29
26 36
4 1
9 3
5 37
8 37
16 1
5 16
49 47
22 19
0 16
49 15
46 30
25 49
6 40
29 3
30 32
20 35
18 43
44 32
22 28
44 27
18 3
19 32
32 3
21 13
49 14
33 21
0 44
12 13
30 22
15 25
47 35
48 7
28 5
40 41
28 39
13 35
16 15
39 20
40 11
13 14
2 13
41 22
12 25
27 4
36 21
46 7
14 0
10 21
43 8
46 13
38 36
34 17
32 5
13 18
18 20
26 10
24 5
0 44
10 2
15 27
21 8
43 17
2 29
23 43
34 25
13 22
38 26
49 31
47 45
6 36
17 13
38 43
6 4
45 14
26 11
3 14
7 49
3 6
17 35
42 38
13 27
42 28
14 14
1 33
33 42
35 28
15 38
43 18
37 13
8 21
9 3
43 34
31 10
23 36
32 20
35 38
14 25
22 40
3 11
45 43
32 7
42 28
32 17
21 19
49 1
31 46
21 21
37 45
32 26
1 38
21 18
17 32
41 38
49 5
22 46
2 14
2 32
41 47
15 6
34 36
0 29
41 29
26 11
46 24
42 13
10 29
17 39
36 40
12 37
8 22
12 17
15 43
36 42
14 11
48 16
13 47
49 39
40 7
49 5
5 37
21 46
22 9
31 28
36 1
11 34
2 5
30 30
37 29
19 47
17 39
43 49
33 13
21 2
9 39
29 44
44 28
13 12
47 25
27 10
46 29
4 34
1 25
16 37
16 35
20 37
34 1
46 48
22 1
25 46
47 25
40 45
27 20
23 22
40 35
2 24
12 11
0 2
28 5
33 42
40 38
9 19
8 45
41 5
1 36
10 38
43 3
38 40
34 34
6 11
23 7
10 49
29 26
31 46
20 25
49 30
16 21
30 4
6 44
43 26
46 38
43 14
45 30
35 21
44 33
19 44
12 5
39 40
47 47
36 20
16 38
27 17
38 15
7 0
6 40
48 42
11 44
12 21
11 22
17 7
22 26
19 44
3 20
29 40
47 26
10 48
37 41
47 8
49 43
32 38
12 29
39 47
46 5
27 39
26 26
13 35
47 41
35 8
12 34
16 12
25 34
15 7
4 44
40 9
5 36
22 39
47 23
34 14
7 9
31 4
39 0
14 22
4 18
12 1
40 40
0 32
39 30
6 33
40 1
23 43
35 17
4 10
0 41
13 18
2 40
9 42
18 49
17 33
44 40
40 6
28 49
36 35
39 32
49 30
25 27
46 28
11 19
11 11
48 41
23 49
3 20
49 28
36 25
36 6
16 3
40 49
15 21
13 10
46 26
5 1
49 31
4 5
21 29
8 49
40 31
30 20
18 9
16 10
40 34
48 24
15 39
45 4
2 10
14 30
6 23
26 49
13 46
2 42
46 37
34 5
13 10
18 35
25 19
1 49
34 33
19 38
39 6
10 5
35 30
44 40
23 29
11 35
10 10
16 4
6 9
2 40
35 37
25 49
0 39
19 17
24 49
45 17
27 16
39 36
24 37
9 47
39 26
5 37
0 20
10 36
37 36
46 20
38 19
3 33
1 44
5 38
42 8
17 36
46 13
25 33
29 30
31 31
3 17
22 46
32 42
48 48
5 38
40 26
39 12
29 20
3 12
6 32
43 18
0 13
39 4
36 31
7 41
37 19
20 47
7 17
41 37
49 37
13 41
48 33
13 40
22 10
14 3
37 30
11 49
9 8
10 24
10 25
48 40
36 30
2 34
0 40
26 49
24 46
31 20
25 34
23 18
34 17
37 14
38 10
42 17
20 0
38 4
1 0
17 19
48 49
31 8
6 2
17 41
1 25
19 3
2 26
24 2
34 40
37 23
44 17
3 14
28 20
12 18
42 38
0 24
23 47
40 29
36 45
32 34
10 6
46 23
15 42
33 5
21 47
19 23
25 12
14 21
8 7
45 11
7 19
37 25
32 0
17 26
17 33
4 24
37 10
9 14
13 36
24 25
6 30
40 33
10 44
28 46
40 40
43 23
20 14
9 18
19 0
47 24
5 27
18 34
8 15
7 0
32 15
34 31
21 42
36 16
15 38
21 21
22 26
27 9
13 8
1 32
32 8
47 3
27 14
23 21
10 14
18 19
45 46
0 48
4 19
18 49
28 39
36 43
24 18
2 26
3 7
32 20
9 10
43 26
11 30
20 36
44 48
29 2
38 35
6 34
33 30
49 45
32 30
35 34
47 27
25 49
5 49
46 39
1 28
13 21
20 22
19 33
7 23
0 35
20 6
24 20
41 44
8 24
40 44
5 4
47 36
34 46
0 43
40 18
24 26
45 19
19 47
6 31
21 15
32 43
3 13
8 10
31 12
37 21
49 19
6 11
13 13
2 4
37 33
2 32
19 49
46 10
7 35
20 18
6 14
19 41
43 42
21 35
44 41
25 13
2 38
36 13
37 16
36 27
0 46
7 37
22 12
1 28
45 30
39 39
22 45
4 37
35 30
23 4
6 11
31 26
42 25
12 39
47 18
41 18
15 26
9 38
48 3
15 21
39 11
0 12
8 22
44 41
46 14
16 2
39 29
31 31
10 27
44 31
9 0
18 44
40 5
24 24
47 47
23 1
19 11
14 21
12 5
11 35
42 40
48 2
1 32
29 2
24 4
18 27
30 34
35 9
43 23
23 46
20 48
9 35
40 24
18 16
40 33
38 37
8 40
1 24
4 28
8 2
33 48
23 25
14 20
42 49
13 29
30 26
11 49
33 41
20 20
0 42
42 29
44 13
30 27
40 19
6 24
8 5
29 12
28 37
19 20
27 46
26 0
33 48
10 37
8 38
9 11
34 37
26 22
31 37
27 35
45 26
34 47
17 35
9 27
12 19
43 31
22 47
39 48
43 48
8 29
22 40
37 46
49 18
49 0
12 21
3 48
35 4
22 27
8 19
25 7
38 44
7 2
32 19
2 33
5 20
14 0
27 41
30 26
41 19
4 36
37 16
0 1
48 48
26 7
37 20
10 44
8 29
9 43
31 14
41 22
9 6
24 11
34 18
19 9
13 34
43 35
12 39
15 28
42 20
14 2
32 16
27 1
10 26
25 9
19 23
37 43
41 31
7 6
0 30
12 28
44 37
39 10
8 46
41 9
39 21
29 42
14 10
11 45
42 15
28 17
26 21
40 11
2 40
14 47
47 28
47 24
32 26
22 32
45 10
46 29
19 22
38 7
26 32
8 37
12 46
24 30
27 25
27 46
26 28
32 0
15 8
32 32
17 34
43 38
23 22
48 34
29 34
31 20
20 20
9 25
41 19
29 0
31 39
40 20
20 45
48 4
18 10
9 40
48 0
27 45
30 34
14 9
0 1
37 13
9 49
36 33
39 25
49 21
39 24
33 1
39 40
37 16
44 4
21 30
34 0
7 28
2 6
34 1
39 4
18 35
15 3
19 7
8 31
48 24
0 23
42 9
37 47
19 5
16 43
19 41
16 38
0 16
14 40
18 5
3 20
17 16
24 47
12 48
8 45
17 30
7 5
37 45
5 32
24 40
33 0
20 42
8 0
44 47
22 9
24 16
13 5
33 34
2 28
45 33
16 38
31 18
39 7
11 19
19 11
36 41
27 21
43 12
27 28
24 2
5 15
49 41
36 26
3 2
18 23
10 0
42 38
48 0
11 35
29 49
22 17
41 33
46 18
26 13
40 36
24 11
0 1
24 0
12 17
28 18
21 27
29 34
1 14
44 42
5 48
9 24
17 15
3 33
14 24
36 35
20 23
45 15
22 7
7 43
37 40
47 27
23 40
46 27
15 5
39 42
8 40
12 44
19 44
6 5
8 15
49 38
11 44
18 39
40 16
44 39
28 29
10 16
47 43
32 37
8 14
21 25
45 17
11 23
0 15
15 46
17 5
47 33
42 27
48 5
31 45
4 6
33 18
33 23
15 48
9 44
5 0
15 49
18 23
11 8
0 15
39 47
34 49
38 1
32 10
24 5
13 33
29 3
28 18
31 40
10 18
3 24
2 26
24 0
30 37
44 1
8 48
18 5
37 5
47 40
31 45
43 22
12 30
44 43
30 25
33 21
38 29
6 16
27 9
29 38
4 38
34 30
16 9
41 45
28 44
27 2
37 36
17 38
9 31
38 39
49 32
47 2
43 5
9 2
1 13
27 1
40 33
40 39
47 46
44 24
19 32
38 10
45 32
35 49
6 49
18 15
38 34
27 3
49 22
27 8
25 27
22 49
1 28
36 24
11 11
20 32
14 9
43 19
22 34
5 5
43 49
39 42
1 34
2 12
36 8
36 34
22 31
48 19
8 1
27 22
39 11
12 27
22 10
28 42
16 40
13 49
39 49
2 49
29 4
1 8
12 6
39 26
35 33
19 26
41 29
41 14
2 32
36 4
31 11
26 19
6 31
40 26
19 35
35 12
17 33
29 1
31 29
8 32
47 32
43 23
38 37
24 43
39 49
26 21
12 9
41 13
49 46
11 49
34 33
17 16
22 12
8 49
4 6
46 43
21 41
39 3
34 24
24 19
29 8
30 37
28 48
11 40
17 41
7 5
13 35
31 8
10 48
32 27
9 22
8 5
18 1
47 16
35 35
17 8
36 44
27 33
40 13
21 12
28 16
34 7
44 19
38 2
3 33
9 10
25 31
9 9
47 3
36 26
46 30
18 37
9 48
12 40
1 10
6 16
37 12
25 33
8 5
26 22
7 12
18 31
40 38
28 24
34 9
7 25
3 38
35 4
26 34
32 0
17 3
33 31
30 8
43 38
24 21
5 11
19 5
18 42
28 44
46 24
8 28
37 43
26 19
17 30
15 33
48 2
28 21
40 44
2 25
6 47
1 38
46 24
20 47
27 27
23 20
28 22
46 32
5 13
33 15
26 39
37 34
33 26
22 36
15 9
18 39
44 30
25 45
35 41
43 19
0 5
35 37
1 31
8 3
44 4
19 45
3 4
22 40
24 21
23 12
19 26
47 46
8 43
12 38
22 5
37 49
24 38
6 16
43 49
23 27
46 20
16 6
9 49
31 49
3 49
7 12
2 31
25 12
24 20
18 29
8 20
11 44
37 22
3 10
7 32
22 3
44 7
31 4
27 3
37 38
13 34
2 33
12 2
20 16
38 11
33 44
32 11
16 14
31 14
10 42
25 11
9 46
13 21
10 49
19 34
30 24
37 38
41 16
10 7
23 0
20 5
46 39
10 19
46 46
8 35
44 29
15 44
23 15
38 2
8 46
47 13
21 0
40 24
4 49
13 31
22 21
18 14
15 7
38 30
43 42
44 33
10 25
8 25
3 45
9 27
8 28
41 35
43 48
8 3
3 31
29 40
28 36
40 26
28 15
40 42
45 28
33 43
5 31
30 30
30 5
21 34
10 16
38 11
45 1
1 30
25 7
24 45
32 31
34 22
38 37
0 19
8 28
45 30
10 32
42 4
21 22
34 30
39 8
7 17
26 11
49 43
21 10
20 30
47 11
28 41
3 29
34 30
28 28
22 14
15 22
44 37
21 36
25 23
25 13
47 33
2 39
11 9
12 38
22 3
27 38
32 27
13 19
10 23
47 38
12 49
10 31
43 49
6 37
24 39
49 0
35 21
6 4
27 19
10 27
3 34
31 13
32 42
34 4
12 12
18 15
34 27
23 3
2 8
0 28
27 17
16 2
26 28
6 5
20 8
44 27
37 22
19 11
48 33
8 1
23 43
28 44
44 16
39 47
7 34
13 0
14 42
14 47
25 36
25 22
15 44
46 30
39 6
19 13
2 49
19 17
41 32
45 33
30 41
44 0
2 15
26 33
28 13
25 4
33 6
28 36
43 4
23 7
7 30
2 47
25 33
11 38
40 45
6 49
9 19
0 4
44 44
19 15
9 37
9 13
1 19
48 42
12 14
23 37
28 15
45 1
34 49
25 38
48 27
2 47
22 34
22 20
31 47
27 27
7 6
19 9
31 49
9 33
22 31
23 17
43 18
37 28
40 20
47 3
24 19
20 46
13 20
42 19
22 26
12 6
11 19
5 5
40 10
25 12
32 22
29 41
42 1
3 8
19 2
39 41
4 7
23 15
44 35
45 30
1 16
37 31
24 0
41 9
37 1
0 28
37 49
39 0
42 43
49 15
7 28
29 19
42 32
47 46
29 36
44 43
44 32
42 16
21 20
0 18
1 16
41 15
43 34
31 35
39 44
12 41
5 20
43 14
12 47
46 41
27 39
7 34
24 14
30 48
0 8
30 26
12 19
10 36
40 34
24 44
37 41
49 39
13 26
49 43
14 0
18 5
41 48
23 42
20 31
23 22
39 23
26 29
18 30
26 49
45 29
25 0
26 41
3 11
20 3
46 32
40 0
34 26
22 49
13 4
23 28
35 9
37 6
38 33
2 13
6 12
42 31
22 36
42 44
32 2
16 43
11 10
48 47
4 2
30 14
22 11
3 16
31 13
23 35
18 45
23 44
48 25
16 33
13 8
29 46
16 46
10 44
44 49
5 20
34 31
6 25
49 35
24 10
23 28
29 24
40 28
45 30
26 3
13 46
42 46
9 31
36 9
31 18
19 17
43 27
6 48
39 30
9 24
21 39
6 16
49 14
7 31
12 31
40 19
49 31
7 16
18 22
7 10
40 4
22 29
9 43
22 41
25 41
8 49
20 36
47 14
36 34
12 22
0 23
23 47
14 46
21 22
5 46
45 35
14 12
40 6
43 24
44 18
30 28
26 17
3 15
19 44
5 33
47 26
17 13
15 0
38 28
5 41
15 22
45 22
3 7
17 13
48 19
22 25
48 25
37 47
26 41
4 28
9 42
45 49
21 49
37 7
28 29
18 20
38 17
12 32
26 1
10 46
15 14
47 17
2 36
28 36
30 33
45 31
24 34
31 11
11 18
15 16
4 41
38 49
18 27
3 13
46 4
22 3
46 29
37 38
11 22
16 34
35 41
23 37
13 26
25 49
27 9
27 25
5 39
32 44
28 34
2 2
20 47
10 24
40 9
27 23
26 9
15 33
0 46
16 30
31 1
49 13
4 13
1 11
38 33
35 17
12 39
26 48
17 14
38 48
40 31
9 47
0 42
3 29
45 10
17 11
29 20
35 29
20 19
45 39
16 4
35 8
32 17
45 37
15 33
45 2
13 44
31 42
38 28
44 41
37 39
13 48
0 8
14 31
10 48
44 4
47 23
23 18
38 32
9 32
0 12
34 25
2 40
22 3
28 48
11 14
5 27
6 10
39 28
22 43
18 12
7 26
16 40
12 10
11 1
3 42
19 5
15 17
16 13
12 0
27 37
12 1
42 26
34 3
12 31
43 17
14 26
26 5
7 32
16 44
19 12
34 8
34 45
49 33
32 9
0 30
47 1
18 37
20 6
34 32
43 41
24 20
6 37
28 28
13 23
39 12
46 28
32 18
32 23
13 16
33 15
16 25
29 29
33 47
12 42
22 8
47 3
39 43
16 28
32 23
20 48
8 25
48 14
48 27
20 39
20 40
49 24
28 10
23 43
38 20
44 43
10 41
39 5
5 36
29 49
5 28
15 22
40 10
16 38
41 22
21 45
26 5
22 14
20 29
15 40
36 42
0 20
49 23
6 0
16 10
27 43
4 28
22 15
23 7
12 12
30 11
27 46
33 13
11 2
29 16
7 21
40 20
35 9
5 35
18 23
37 31
36 13
13 12
15 4
26 19
46 42
0 7
17 33
25 42
49 16
17 9
35 49
44 22
37 29
21 46
8 15
16 26
19 14
47 29
30 37
38 40
29 41
41 45
7 23
5 48
27 41
37 30
29 27
5 24
2 11
40 5
18 14
29 7
45 41
11 2
1 35
23 37
45 41
42 31
34 37
9 37
10 4
25 11
44 4
19 18
6 7
46 41
46 6
25 44
6 10
25 46
29 29
28 30
1 14
8 5
15 8
24 30
24 5
35 22
2 1
38 33
8 49
43 3
23 40
46 22
0 42
15 46
29 10
26 27
28 40
2 35
2 42
1 40
4 45
21 48
29 12
47 32
28 15
26 18
14 9
0 17
46 48
23 20
23 31
45 16
40 16
21 26
33 29
48 4
29 32
35 33
14 43
20 18
11 7
34 13
26 8
17 28
25 15
11 35
24 6
2 49
14 9
34 4
25 43
13 21
15 0
19 16
38 44
29 7
6 35
14 29
42 45
36 24
21 33
34 1
41 19
8 40
29 34
3 31
16 6
31 0
17 1
17 36
23 33
0 19
35 21
5 22
43 47
26 5
6 47
49 12
37 44
44 43
35 8
8 35
49 23
0 1
44 31
16 38
25 1
1 16
41 35
19 16
10 14
41 10
5 32
46 27
31 1
39 39
13 12
25 5
47 8
46 5
3 1
34 0
45 35
11 27
10 23
9 3
29 46
3 28
20 12
36 17
43 34
34 47
30 5
20 9
17 23
43 16
32 14
6 26
4 39
40 34
7 39
25 42
41 16
49 28
20 29
17 17
9 30
38 20
30 40
1 10
37 22
31 22
2 10
36 31
26 6
14 10
8 10
28 14
29 10
30 25
45 31
2 3
9 5
32 29
49 3
35 48
11 14
31 22
49 35
22 19
37 33
48 42
40 12
44 44
44 8
23 47
2 49
4 20
19 37
29 47
49 36
14 9
6 43
49 3
43 29
25 45
42 43
0 37
33 43
44 9
10 25
43 31
32 2
11 45
11 27
47 30
42 9
28 16
17 7
43 2
42 26
17 40
2 0
36 23
48 43
13 48
8 44
1 21
38 49
9 24
36 37
0 48
20 32
41 37
23 1
49 32
10 10
20 23
11 47
2 35
8 43
3 16
6 30
10 36
16 48
44 17
33 20
20 39
5 24
49 12
39 32
47 18
10 42
7 8
22 5
39 45
32 41
25 12
46 43
3 36
11 48
17 20
47 21
27 30
30 22
30 33
22 39
12 11
14 23
38 30
8 16
36 44
45 28
43 43
38 5
17 37
38 38
6 19
9 19
6 10
5 19
46 21
29 8
22 35
27 16
17 15
14 34
29 3
43 28
15 16
40 34
6 29
5 14
21 16
40 22
43 29
33 0
29 1
47 49
24 45
45 5
26 24
31 47
40 34
9 14
47 1
16 44
35 4
23 9
46 32
14 40
8 2
48 14
48 4
17 25
47 41
21 37
35 39
1 25
26 9
29 49
13 26
22 43
3 3
5 2
39 38
15 41
22 1
6 0
33 2
39 11
22 15
32 35
32 35
34 42
33 25
21 40
35 18
21 4
29 2
8 36
6 8
44 33
11 43
21 26
11 17
17 40
49 30
3 29
16 10
17 3
33 39
13 13
24 5
47 37
14 43
32 42
11 39
33 49
37 48
18 35
49 32
42 39
10 22
1 36
19 13
29 49
2 3
0 43
29 28
26 27
16 2
4 41
13 41
24 18
28 41
23 19
46 1
26 38
3 26
7 8
38 41
15 10
21 44
7 39
28 18
44 32
39 37
18 10
20 47
15 47
36 34
38 39
5 15
11 20
22 29
7 9
21 11
49 29
34 7
6 42
36 16
3 14
0 5
45 17
35 38
47 0
7 15
27 1
6 23
36 30
15 35
15 21
24 29
2 7
9 34
12 48
7 44
23 31
26 37
17 13
24 33
44 32
16 18
42 24
4 2
47 35
26 11
13 43
12 22
24 10
43 30
25 49
25 6
45 28
31 22
17 7
25 13
43 17
10 11
34 46
28 44
3 44
49 47
39 2
12 35
32 17
18 42
32 14
1 18
2 42
17 17
15 31
14 28
25 25
15 16
29 39
34 33
19 20
9 35
1 2
40 4
38 5
25 0
28 40
44 27
0 33
37 36
6 14
36 18
9 25
7 3
13 34
5 5
29 44
18 25
25 29
44 23
12 41
42 25
23 43
4 36
3 4
30 17
36 33
10 22
42 7
43 31
25 36
47 2
22 23
18 42
22 19
3 19
16 19
25 17
12 2
43 20
39 41
35 4
44 34
1 30
44 21
13 49
48 17
10 32
5 5
10 20
9 33
5 20
8 21
25 15
39 9
43 20
49 49
19 20
18 1
43 34
31 28
15 16
22 46
11 45
21 17
13 43
13 28
40 34
49 31
47 47
37 30
46 42
3 10
5 8
36 7
2 19
7 47
36 20
0 22
40 29
24 12
37 28
35 7
30 14
41 49
34 35
11 20
44 7
8 13
11 19
35 11
47 40
18 29
36 21
37 42
49 39
9 33
33 40
18 1
34 13
13 23
42 42
26 44
46 6
42 1
32 44
32 22
14 6
48 15
36 34
19 2
43 4
0 48
42 37
9 29
45 29
36 4
25 45
14 37
23 7
21 38
49 39
0 35
42 29
6 37
9 20
3 38
35 41
47 29
32 36
43 9
5 22
18 5
38 28
39 7
22 2
32 31
34 40
20 18
33 28
13 11
20 14
40 17
5 21
49 3
19 22
41 39
11 25
9 48
24 14
26 10
8 21
12 41
19 20
24 16
16 18
26 20
26 23
2 10
18 21
26 28
19 12
36 43
6 42
37 36
36 41
26 9
9 25
35 49
2 23
4 43
22 37
37 13
40 27
43 7
31 15
1 30
19 8
2 6
37 2
46 44
2 46
3 25
6 34
39 7
18 31
16 6
44 14
45 1
42 12
13 6
41 12
20 20
36 12
17 37
25 31
46 39
23 42
39 29
46 0
13 47
46 47
25 41
46 33
33 5
3 20
48 5
22 9
29 11
17 45
31 26
35 7
10 7
32 34
23 7
5 16
16 43
26 32
23 9
45 5
48 21
40 17
6 42
47 12
9 34
9 40
33 38
37 42
47 13
38 43
27 9
33 32
39 32
8 34
41 20
7 27
20 2
0 13
11 24
14 27
23 10
46 29
2 11
14 44
10 2
15 49
10 19
3 28
25 7
24 7
14 32
29 3
9 4
37 31
17 49
46 6
33 33
40 47
19 26
26 18
31 4
32 20
43 39
40 33
41 47
41 25
2 48
13 28
25 43
47 36
27 26
26 17
18 30
15 32
38 48
30 10
40 28
24 38
32 31
23 5
0 38
43 42
27 30
24 42
39 14
42 17
8 1
6 23
47 11
14 41
32 16
35 1
34 19
0 19
2 44
32 6
30 19
31 25
49 38
41 27
8 6
5 41
19 29
23 38
4 49
14 21
28 1
24 42
17 5
37 44
7 49
42 35
46 48
32 45
41 37
19 47
43 35
4 5
9 27
43 28
6 41
49 21
18 33
24 10
21 44
8 33
45 1
37 25
40 41
31 10
39 10
17 40
0 39
38 7
6 47
37 22
47 15
8 19
10 41
6 36
27 0
33 46
13 34
46 9
34 4
13 48
41 13
13 8
13 4
1 28
38 39
10 48
46 43
25 37
9 20
18 37
49 33
15 23
29 17
41 8
4 48
43 26
36 12
17 13
27 45
32 27
31 46
0 38
25 12
31 19
40 22
41 38
25 25
16 7
49 46
38 8
49 45
2 35
15 3
39 23
35 28
5 49
27 44
25 35
27 25
7 35
37 13
38 18
33 46
5 42
33 4
37 14
43 40
46 12
10 25
2 49
45 37
27 0
45 23
17 38
29 49
21 10
14 40
49 17
10 21
15 41
16 26
36 19
34 48
44 6
5 20
32 9
27 44
48 17
45 38
48 33
7 23
46 7
29 42
9 44
44 13
20 22
25 10
49 20
8 3
32 40
27 45
21 9
46 23
16 21
48 45
22 49
43 16
10 2
34 21
47 29
12 35
32 44
0 33
44 20
16 12
34 9
19 3
22 3
25 44
45 1
19 5
23 17
49 5
11 5
1 43
35 27
24 48
32 25
43 30
7 37
27 19
46 35
30 40
12 15
5 1
49 5
47 5
31 23
35 8
6 10
7 28
22 34
35 27
5 20
35 10
18 22
28 33
16 5
37 27
49 18
46 4
27 2
32 12
45 40
47 48
44 20
8 40
3 5
28 37
0 46
8 41
23 42
28 49
7 5
24 26
30 45
17 1
26 12
21 4
34 37
37 45
9 38
23 39
36 7
9 11
10 0
38 25
31 32
49 32
24 47
35 17
34 49
31 31
11 38
46 26
36 26
15 16
15 38
10 25
6 1
6 3
14 21
1 29
2 33
44 38
26 10
38 48
35 43
15 4
22 20
41 43
20 33
3 28
22 23
48 11
31 2
14 27
24 26
7 34
11 46
3 16
32 8
48 7
31 10
15 19
35 17
47 30
13 33
30 25
48 30
26 10
25 31
43 41
48 7
19 15
10 23
24 38
6 27
39 26
4 19
3 27
46 15
17 0
25 6
0 30
1 45
48 5
42 48
6 17
36 34
44 8
23 29
2 31
15 33
25 14
49 29
36 13
10 49
21 33
30 36
34 41
48 23
27 17
10 19
47 21
16 42
42 43
20 43
31 36
0 49
15 45
21 39
32 38
14 29
33 41
36 10
6 23
49 23
42 29
29 42
16 6
2 43
31 31
28 37
23 44
22 36
27 17
40 14
27 4
29 23
49 12
4 40
45 39
4 8
11 41
37 48
44 39
42 34
0 49
4 9
4 18
48 24
7 9
2 45
48 25
27 11
8 35
28 14
40 26
10 7
5 11
45 42
42 17
15 30
5 30
48 13
14 15
21 23
45 22
8 0
28 20
23 5
34 31
41 27
22 49
43 37
0 16
9 39
34 39
19 20
14 36
6 39
19 0
4 45
8 38
37 5
49 46
37 30
28 38
4 36
8 45
48 21
0 42
42 17
23 5
32 29
47 42
26 15
48 30
34 0
19 41
33 8
11 13
17 43
19 15
23 1
39 33
15 17
20 23
44 48
15 3
24 37
45 12
19 41
26 31
6 19
3 22
41 1
43 27
13 17
44 24
12 23
15 6
36 1
8 11
37 25
35 37
4 33
49 44
42 36
39 14
23 16
20 18
12 36
28 42
11 6
43 33
27 6
33 30
12 24
5 33
39 49
9 17
2 40
9 0
18 17
28 1
38 15
